  -0.19443  -0.132802  0.0775056 -0.0833001
  0.0495598  0.00834254 -0.00616292  -0.0186492
 0.00834254   0.0500976 -0.00131433   -0.015431
-0.00616293 -0.00131433   0.0501771   0.0133625
 -0.0186492   -0.015431   0.0133625    0.133209
-0.0514852 -0.0608993   0.231207  -0.346033
  0.0315166  -0.0065635  -0.0214254  -0.0208229
 -0.0065635  0.00623084 -0.00427095  0.00949478
 -0.0214254 -0.00427095   0.0391688   0.0180418
 -0.0208229  0.00949478   0.0180418    0.148386
 -0.190347 -0.0662806  -0.157267  0.0226002
  0.0139729 -0.00498618  0.00994499  -0.0108576
-0.00498617   0.0399376 -0.00111398 0.000406214
 0.00994499 -0.00111398  0.00900305  -0.0136327
 -0.0108576 0.000406214  -0.0136327    0.119352
-0.0916294  -0.107873 -0.0944027   0.194597
 0.00591593 -0.00263826  0.00577555 -0.00814725
-0.00263826   0.0437158  0.00654018  -0.0199916
 0.00577555  0.00654019  0.00814336  -0.0148762
-0.00814724  -0.0199916  -0.0148762   0.0361851
-0.0558935 -0.0159072  0.0687965   0.103485
0.00918278 0.00875445 -0.0042606 -0.0170003
0.00875445  0.0127088 0.00166729 -0.0154729
-0.0042606  0.0016673 0.00993965 0.00886705
-0.0170003 -0.0154729 0.00886705  0.0455723
-0.0192151 -0.0491349   0.176914   0.113078
   0.0118305  -0.00643699  -0.00574617   -0.0238995
 -0.00643699   0.00451387 -0.000476936    0.0110927
 -0.00574617 -0.000476939    0.0185133    0.0214693
  -0.0238995    0.0110927    0.0214693    0.0750385
-0.0533437 -0.0036791  0.0807072   0.110081
 0.00944726  0.00859156 -0.00511807  -0.0177454
 0.00859156   0.0113478 0.000208636  -0.0152033
-0.00511807 0.000208638  0.00981821   0.0109156
 -0.0177454  -0.0152033   0.0109156   0.0449622
-0.0896547 -0.161614 -0.103216  0.211737
 0.00774147 0.000947131  0.00922314  -0.0136269
0.000947131   0.0601147   0.0206574  -0.0474103
 0.00922314   0.0206574   0.0178932  -0.0317753
 -0.0136269  -0.0474103  -0.0317753   0.0675107
-0.0916116   0.054541 -0.0914277   0.227609
  0.014869 -0.0104444  0.0184552 -0.0374134
-0.0104444  0.0398144 -0.0159173  0.0429721
 0.0184552 -0.0159173  0.0235333 -0.0486618
-0.0374134  0.0429721 -0.0486618   0.108121
-0.0264904 -0.0427495   0.172052   0.153005
    0.0116537   -0.00636805   -0.00588983    -0.0242149
  -0.00636805     0.0043778 -2.44169e-005     0.0113036
  -0.00588983 -2.44174e-005     0.0169597     0.0217007
   -0.0242149     0.0113036     0.0217007     0.0730007
 -0.0694942 -0.00541037    0.103768     0.12868
  0.0124567    0.010496 -0.00881901  -0.0237498
   0.010496   0.0125716 -0.00210095  -0.0194323
-0.00881901 -0.00210095   0.0147486   0.0186976
 -0.0237498  -0.0194323   0.0186977    0.193772
-0.0294003 -0.0371052   0.159593   0.447493
  0.0114375 -0.00637285 -0.00422333  -0.0210322
-0.00637285  0.00480454 -0.00162503   0.0103117
-0.00422333 -0.00162503   0.0162544   0.0161085
 -0.0210322   0.0103117   0.0161085    0.205498
-0.0947103 -0.0595358 -0.0922385   -0.15043
 0.00598732 -0.00567336  0.00599881  -0.0119203
-0.00567336   0.0395186 -0.00307231  0.00652246
 0.00599881 -0.00307231  0.00662351  -0.0134231
 -0.0119202  0.00652246  -0.0134231    0.112983
-0.0410549 0.0126073 0.0891575  0.135533
  0.0134142   0.0118557 -0.00958334  -0.0272678
  0.0118557   0.0143915 -0.00322047  -0.0231847
-0.00958334 -0.00322047   0.0148846   0.0216585
 -0.0272678  -0.0231847   0.0216585   0.0836964
-0.0975431 -0.0288099 -0.0942554  0.0564685
 0.00581442 -0.00624126    0.005915  -0.0105291
-0.00624126   0.0406934 -0.00476248    0.011761
   0.005915 -0.00476248  0.00651438  -0.0125117
 -0.0105291    0.011761  -0.0125117   0.0310576
-0.0511604 -0.0133268   0.122133   0.128274
  0.0192546  -0.0156973  0.00518205   -0.040628
 -0.0156973   0.0152038 -0.00896757   0.0343854
 0.00518205 -0.00896757   0.0126957  -0.0112621
  -0.040628   0.0343854  -0.0112621    0.115067
-0.029456 0.0197096 0.0754736 0.0765176
 0.00990456  0.00916055 -0.00473947  -0.0188992
 0.00916055   0.0120368 0.000321929  -0.0168822
-0.00473947 0.000321929  0.00889747  0.00991901
 -0.0188992  -0.0168822  0.00991901    0.047578
-0.0927702 -0.0146431 -0.0905178   0.107924
 0.00570729 -0.00698926  0.00608191  -0.0115706
-0.00698925   0.0406314 -0.00661178   0.0170179
 0.00608191 -0.00661178  0.00692404  -0.0138953
 -0.0115706   0.0170179  -0.0138953    0.032132
-0.0536281 -0.0224391   0.159753   0.145704
   0.0109906  -0.00583937  -0.00635833   -0.0241824
 -0.00583937   0.00403804 4.78162e-005    0.0110209
 -0.00635833 4.78163e-005    0.0181161    0.0229303
  -0.0241824    0.0110209    0.0229303    0.0722527
-0.0413167 -0.0101557   0.106652   0.180854
  0.00965433  -0.00595651 -0.000394796   -0.0177038
 -0.00595651    0.0048259  -0.00313709    0.0104887
-0.000394797   -0.0031371    0.0111357   0.00434348
  -0.0177038    0.0104887   0.00434349    0.0718191
-0.0250731 0.0326313 0.0839317  0.091037
 0.00975372  0.00855554 -0.00514455  -0.0170772
 0.00855554   0.0111514  0.00034235  -0.0155717
-0.00514455  0.00034235  0.00955886  0.00886267
 -0.0170772  -0.0155717  0.00886267    0.061769
  -0.103026    -0.17243   -0.114522 -0.00922656
0.00843015 0.00189289   0.010348 -0.0155526
0.00189289  0.0616824  0.0225175 -0.0505595
  0.010348  0.0225175  0.0200087 -0.0354599
-0.0155526 -0.0505595 -0.0354599    0.07606
-0.0658494 -0.0188797   0.165882   0.177495
   0.0111476  -0.00602845  -0.00613662   -0.0235134
 -0.00602844   0.00411455 6.35222e-005     0.010893
 -0.00613662 6.35218e-005    0.0179187    0.0220132
  -0.0235134     0.010893    0.0220132    0.0724457
-0.0294647 0.0285232 0.0852208 0.0772026
 0.00951508  0.00847313  -0.0048652  -0.0178093
 0.00847313   0.0108624 0.000255534  -0.0153177
 -0.0048652 0.000255535  0.00913876  0.00986176
 -0.0178093  -0.0153177  0.00986176   0.0456783
-0.0920364 -0.0537689  -0.091076  0.0909343
  0.00581128  -0.00469565   0.00593327   -0.0104621
 -0.00469565    0.0388112 -0.000978052  0.000121039
  0.00593327 -0.000978052   0.00681797   -0.0130451
  -0.0104621  0.000121039   -0.0130451    0.0308662
-0.0340776 0.0161911 0.0784919  0.113246
    0.010523   0.00999608  -0.00496527   -0.0200939
  0.00999608    0.0129659 -0.000105874   -0.0189617
 -0.00496527 -0.000105874   0.00892992    0.0099703
  -0.0200939   -0.0189617    0.0099703    0.0509042
-0.0529929 -0.0181404   0.155311   0.187554
  0.0140209 -0.00775842 -0.00982794  -0.0307454
-0.00775842  0.00514506  0.00200861   0.0151273
-0.00982794  0.00200861   0.0237975   0.0320171
 -0.0307454   0.0151273   0.0320171   0.0932916
-0.0909397 -0.0682945 -0.0903046  0.0756302
  0.00530925  -0.00450332   0.00536133  -0.00919946
 -0.00450332    0.0395316 -0.000440527  -0.00131332
  0.00536133 -0.000440527   0.00623944   -0.0118392
 -0.00919946  -0.00131332   -0.0118392    0.0274178
-0.0917005 -0.0230423 -0.0909781  0.0844591
 0.00694889 -0.00739192  0.00813423  -0.0162512
-0.00739192   0.0396331   -0.008334   0.0217988
 0.00813423   -0.008334  0.00991447  -0.0203376
 -0.0162512   0.0217988  -0.0203376   0.0456129
-0.0542035 0.0119269  0.102567  0.136445
  0.0118631   0.0102342  -0.0077435  -0.0235446
  0.0102342   0.0119691 -0.00203782  -0.0195433
 -0.0077435 -0.00203782    0.012486   0.0168674
 -0.0235446  -0.0195433   0.0168674   0.0594649
-0.0414312 -0.0233339   0.143635   0.165561
   0.010931 -0.00640303 -0.00418554  -0.0223984
-0.00640303  0.00481438  -0.0011344   0.0113455
-0.00418554  -0.0011344    0.015407   0.0167107
 -0.0223984   0.0113455   0.0167107   0.0667912
-0.0386958 -0.020301  0.132667  0.149899
  0.0099391    -0.00573 -0.00412373  -0.0207029
   -0.00573  0.00433006 -0.00115705   0.0100907
-0.00412373 -0.00115705   0.0153271   0.0171462
 -0.0207029   0.0100907   0.0171462   0.0612982
-0.0822445 -0.0732553 -0.0830972  0.0957825
 0.00550395 -0.00469697  0.00568375 -0.00999342
-0.00469697   0.0381551 -0.00141927  0.00185945
 0.00568375 -0.00141927  0.00653673   -0.012453
-0.00999343  0.00185945   -0.012453     0.02749
-0.0473301 0.0159792 0.0940754  0.124179
  0.0096112  0.00905474 -0.00445452  -0.0183496
 0.00905474   0.0118294  0.00024607   -0.016944
-0.00445452 0.000246071  0.00842092  0.00917762
 -0.0183496   -0.016944  0.00917762   0.0442096
-0.0896282 -0.0123706 -0.0883672   0.107763
 0.00661737 -0.00693448  0.00811671   -0.017069
-0.00693448   0.0383628 -0.00945587   0.0269716
 0.00811671 -0.00945587   0.0102706  -0.0220391
  -0.017069   0.0269716  -0.0220391   0.0509489
-0.0533156 0.0127606 0.0984693  0.128568
  0.00970438   0.00855593  -0.00530753   -0.0186108
  0.00855593    0.0105872 -0.000363678     -0.01566
 -0.00530753 -0.000363678   0.00937146    0.0113525
  -0.0186108     -0.01566    0.0113525    0.0445395
-0.0726272 -0.0755894 -0.0764891   0.102234
 0.00565859 -0.00363212  0.00596233  -0.0103354
-0.00363212   0.0386742 0.000922775 -0.00439106
 0.00596233 0.000922776  0.00725372  -0.0137517
 -0.0103354 -0.00439106  -0.0137517   0.0297665
-0.0536442 0.00596195  0.0910123   0.129975
  0.00965644   0.00907636   -0.0046143   -0.0182416
  0.00907636    0.0117471   3.748e-005   -0.0168699
  -0.0046143 3.74801e-005   0.00852207   0.00922591
  -0.0182416   -0.0168699    0.0092259    0.0422754
-0.0381917 -0.0274082   0.147527   0.134366
 0.00884778  -0.0050567 -0.00332632  -0.0182919
 -0.0050567  0.00381338 -0.00136748  0.00862745
-0.00332632 -0.00136748   0.0140818   0.0150138
 -0.0182919  0.00862745   0.0150138   0.0548211
-0.047702 0.0142114 0.0914654  0.117927
 0.00830292  0.00721602 -0.00434996  -0.0155371
 0.00721602  0.00919962 0.000438276  -0.0124884
-0.00434996 0.000438276  0.00859437  0.00964604
 -0.0155371  -0.0124884  0.00964604   0.0371426
-0.0792722 -0.0414626 -0.0798795   0.108353
  0.0055165 -0.00669246  0.00582583  -0.0111206
-0.00669246   0.0392704 -0.00571845   0.0143312
 0.00582583 -0.00571845  0.00654735  -0.0131316
 -0.0111206   0.0143312  -0.0131316   0.0296144
-0.0362559 -0.0274218   0.148187   0.137166
 0.00977524 -0.00521345  -0.0057725  -0.0207991
-0.00521345  0.00355053 0.000130029  0.00909821
 -0.0057725 0.000130029   0.0164669   0.0220301
 -0.0207991  0.00909821   0.0220301   0.0618424
-0.048398 0.0137994 0.0929501  0.120182
  0.00909876   0.00782968  -0.00504369   -0.0170368
  0.00782968   0.00983216 8.03135e-007   -0.0139448
 -0.00504369 8.02582e-007   0.00923747    0.0103945
  -0.0170368   -0.0139448    0.0103945    0.0398647
-0.0783148 -0.0633114 -0.0796304   0.109278
 0.00493455 -0.00497089  0.00501685 -0.00878566
-0.00497089   0.0385707 -0.00219022  0.00410755
 0.00501685 -0.00219022   0.0056663  -0.0107835
-0.00878566  0.00410755  -0.0107835   0.0239419
-0.0324922 -0.0259854   0.135986    0.13131
 0.00830172 -0.00457846  -0.0034193   -0.016844
-0.00457846   0.0034419 -0.00125481  0.00745386
 -0.0034193 -0.00125481   0.0134212   0.0149227
  -0.016844  0.00745386   0.0149227   0.0492815
-0.0845085 -0.0364572 -0.0854755   0.118773
 0.00672028 -0.00722819  0.00791314  -0.0156693
-0.00722819   0.0390816 -0.00796866   0.0204955
 0.00791314 -0.00796866   0.0097025   -0.019616
 -0.0156693   0.0204955   -0.019616   0.0426597
-0.0341911 -0.0230131   0.130163   0.131388
 0.00841771 -0.00491958 -0.00252846  -0.0171327
-0.00491958  0.00386432 -0.00182322  0.00824835
-0.00252846 -0.00182322    0.012823   0.0125851
 -0.0171327  0.00824835   0.0125851   0.0493046
-0.0529074  0.01111 0.095387 0.128874
  0.00975324   0.00924517  -0.00480695   -0.0188521
  0.00924517    0.0118675 -0.000507134   -0.0174473
 -0.00480695 -0.000507134   0.00809871    0.0102749
  -0.0188521   -0.0174473    0.0102748    0.0435609
-0.0428327 0.0213591 0.0921601  0.120357
 0.00741895   0.0063219 -0.00398592  -0.0140687
  0.0063219  0.00848563  0.00111887  -0.0106444
-0.00398592  0.00111887  0.00893515  0.00963577
 -0.0140687  -0.0106444  0.00963577   0.0346407
-0.0931506   0.008642 -0.0930223    0.12584
 0.00905719 -0.00799771   0.0116866  -0.0242433
-0.00799771   0.0392463  -0.0125352    0.035058
  0.0116866  -0.0125352   0.0155181  -0.0326339
 -0.0242433    0.035058  -0.0326339   0.0732333
-0.0594305 0.00915676   0.106526   0.157395
  0.0118234  0.00910948 -0.00962732  -0.0240322
 0.00910948  0.00985336 -0.00285111  -0.0170068
-0.00962732 -0.00285111   0.0158754   0.0224855
 -0.0240322  -0.0170068   0.0224855   0.0590714
-0.0816661 -0.0249494 -0.0823777   0.113947
 0.00541376 -0.00606003  0.00646648  -0.0134137
-0.00606003   0.0380641 -0.00729717    0.020985
 0.00646648 -0.00729717  0.00803031  -0.0170306
 -0.0134137    0.020985  -0.0170306   0.0390476
-0.0346876 -0.026188  0.138231  0.128667
  0.0100547 -0.00616224 -0.00278825  -0.0206987
-0.00616224  0.00491981  -0.0018981   0.0110215
-0.00278825  -0.0018981   0.0135743   0.0131666
 -0.0206987   0.0110215   0.0131666   0.0574868
-0.0333635 -0.0268407   0.138705    0.12345
 0.00905634 -0.00498125 -0.00406479   -0.019538
-0.00498125  0.00365458 -0.00089691  0.00895858
-0.00406479 -0.00089691   0.0137542   0.0165562
  -0.019538  0.00895858   0.0165562   0.0566115
 -0.067478  -0.134542 -0.0776925   0.103549
  0.0053406 -0.00171787  0.00576218 -0.00887463
-0.00171787   0.0420591  0.00849121  -0.0241377
 0.00576218  0.00849121  0.00909339  -0.0170425
-0.00887463  -0.0241377  -0.0170425   0.0376484
-0.0563404 0.0112191   0.10073  0.149164
  0.0100809  0.00850501 -0.00614266  -0.0194183
 0.00850501   0.0102256 -0.00076882  -0.0155205
-0.00614266 -0.00076882   0.0104828   0.0132431
 -0.0194183  -0.0155205   0.0132431   0.0458782
-0.0620065 0.00433135   0.104765   0.165343
  0.0126533   0.0106163 -0.00930963   -0.026066
  0.0106163   0.0120666 -0.00312863  -0.0208665
-0.00930963 -0.00312863    0.014511   0.0214313
  -0.026066  -0.0208665   0.0214313   0.0634097
-0.0703214 -0.0798201 -0.0756372   0.105884
  0.0051639  -0.0033182    0.005472 -0.00931203
 -0.0033182     0.03837  0.00174741 -0.00693796
   0.005472  0.00174741  0.00688907  -0.0130577
-0.00931203 -0.00693796  -0.0130577   0.0284028
-0.0406661 -0.0256935   0.147911   0.136315
 0.00972485 -0.00516094 -0.00612475  -0.0215119
-0.00516094  0.00353319 0.000255467  0.00940728
-0.00612475 0.000255467   0.0165503   0.0228597
 -0.0215119  0.00940728   0.0228597   0.0630495
-0.0653494 -0.0923963 -0.0716902  0.0952449
 0.00469101 -0.00275195  0.00486658 -0.00783538
-0.00275195   0.0378378  0.00296761  -0.0105755
 0.00486658  0.00296761  0.00629241  -0.0117413
-0.00783538  -0.0105755  -0.0117413   0.0256269
-0.0412339 -0.0231699   0.139619   0.133215
 0.00864147 -0.00487073 -0.00356859  -0.0186688
-0.00487073  0.00372193 -0.00125737  0.00867443
-0.00356859 -0.00125737    0.013628   0.0156086
 -0.0186688  0.00867443   0.0156086   0.0540568
-0.0558791 0.0127729  0.100789  0.149589
   0.0101889   0.00890418  -0.00570469   -0.0198485
  0.00890418    0.0111696 -0.000408228   -0.0166861
 -0.00570469 -0.000408228   0.00981303    0.0122735
  -0.0198485   -0.0166861    0.0122735     0.046555
-0.0533381 -0.017417  0.161541   0.17034
  0.0180992 -0.00987809  -0.0191456   -0.043404
-0.00987809  0.00602514  0.00823419   0.0215777
 -0.0191456  0.00823419   0.0340267   0.0577358
  -0.043404   0.0215777   0.0577358     0.12343
-0.0669267 -0.0890468 -0.0729187  0.0947514
  0.0047245 -0.00316896  0.00495574  -0.0082061
-0.00316896   0.0374164  0.00165485 -0.00693658
 0.00495574  0.00165485  0.00623971  -0.0116577
 -0.0082061 -0.00693658  -0.0116577   0.0255005
-0.0516429 0.0229369  0.106448  0.159748
   0.0102467   0.00797075  -0.00711358   -0.0194444
  0.00797075   0.00935668 -0.000811987   -0.0137352
 -0.00711358 -0.000811987    0.0123341    0.0157805
  -0.0194444   -0.0137352    0.0157805     0.046466
 -0.0826061 -0.00598342  -0.0854005     0.10727
 0.00613649 -0.00593337  0.00802458  -0.0164101
-0.00593337   0.0365463 -0.00928815   0.0267391
 0.00802458 -0.00928815   0.0108092  -0.0226008
 -0.0164101   0.0267391  -0.0226008   0.0507692
-0.0461946 -0.0189263   0.139267    0.15778
  0.0103557 -0.00543392 -0.00702243  -0.0235628
-0.00543392  0.00373766 0.000245927   0.0101452
-0.00702243 0.000245927   0.0195515    0.026181
 -0.0235628   0.0101452    0.026181   0.0682579
-0.0713555 -0.0595058 -0.0756418   0.092514
 0.00418616 -0.00505907  0.00438207 -0.00756247
-0.00505907   0.0362518 -0.00367466  0.00800013
 0.00438207 -0.00367466   0.0049907 -0.00940528
-0.00756247  0.00800013 -0.00940528   0.0213968
-0.0418651 -0.0165007   0.121291   0.146563
   0.0104895  -0.00730725 -0.000548588   -0.0212536
 -0.00730725   0.00652311  -0.00366482    0.0134131
-0.000548588  -0.00366482    0.0127192   0.00711737
  -0.0212536    0.0134131   0.00711737    0.0550677
-0.0483775 0.0205774  0.095377  0.150271
 0.00879034   0.0078195 -0.00411452  -0.0163743
  0.0078195   0.0102573 0.000722448  -0.0139263
-0.00411452 0.000722448  0.00800075  0.00867498
 -0.0163743  -0.0139263  0.00867498   0.0380845
-0.0776473 -0.0427532 -0.0832888  0.0995674
 0.00704047 -0.00686516  0.00876478   -0.016173
-0.00686516   0.0358488 -0.00752485   0.0172825
 0.00876478 -0.00752485   0.0114246  -0.0216442
  -0.016173   0.0172825  -0.0216442   0.0440706
-0.114612  0.100512 -0.145251  0.218821
 0.0408846 -0.0315461  0.0678784  -0.112556
-0.0315461  0.0674471 -0.0644032    0.11171
 0.0678784 -0.0644032   0.118658  -0.194064
 -0.112556    0.11171  -0.194064   0.328662
-0.0580278  -0.107676 -0.0635791  0.0600142
  0.00458474  -0.00364779   0.00429515  -0.00577758
 -0.00364779    0.0225936 -0.000558971  -0.00525053
  0.00429515 -0.000558971   0.00455644  -0.00752627
 -0.00577758  -0.00525053  -0.00752627    0.0170846
 -0.128459 -0.0401097   0.165208   0.363655
 0.0466267  0.0349612 -0.0582715  -0.123392
 0.0349612  0.0464391  -0.015064 -0.0758943
-0.0582715  -0.015064   0.119132   0.181708
 -0.123392 -0.0758943   0.181708   0.352832
-0.0342858 0.0359515 0.0917995  0.118289
 0.00798456  0.00691398 -0.00365206  -0.0102666
 0.00691398   0.0103639  0.00248982 -0.00971909
-0.00365206  0.00248982  0.00927555  0.00360035
 -0.0102666 -0.00971909  0.00360035   0.0188016
-0.0469734 -0.0189629   0.137222    0.15174
  0.00973876  -0.00526209  -0.00560412   -0.0221601
 -0.00526209   0.00386799 -0.000665442   0.00985978
 -0.00560412 -0.000665442    0.0179025     0.021864
  -0.0221601   0.00985978     0.021864    0.0642915
-0.0372016 0.0275797 0.0837422  0.118232
 0.00620048  0.00644299 -0.00115719  -0.0109956
 0.00644299  0.00928211  0.00179331  -0.0110231
-0.00115719  0.00179331  0.00388286  0.00296848
 -0.0109956  -0.0110231  0.00296848   0.0254746
-0.0651935   -0.14424 -0.0807218  0.0878901
 0.00458883 -0.00170431   0.0051837 -0.00635701
-0.00170431   0.0470179   0.0100768  -0.0299593
  0.0051837   0.0100768  0.00932807  -0.0160965
-0.00635701  -0.0299593  -0.0160965   0.0360002
-0.0826638  0.0540999 -0.0888917   0.105494
  0.0106532 -0.00732688   0.0142844  -0.0275365
-0.00732688   0.0251249  -0.0124184     0.03217
  0.0142844  -0.0124184   0.0196723   -0.038873
 -0.0275365     0.03217   -0.038873   0.0820984
-0.0491543 -0.0175958   0.137749   0.159027
  0.0116123 -0.00605808 -0.00885732  -0.0273209
-0.00605808  0.00412921   0.0010133   0.0121185
-0.00885732   0.0010133   0.0218998   0.0301969
 -0.0273209   0.0121185   0.0301969   0.0779849
-0.0489309 0.0263535 0.0991485  0.130084
 0.00777954   0.0061784   -0.004161  -0.0142676
  0.0061784  0.00763465 0.000352876  -0.0106486
  -0.004161 0.000352876  0.00732547  0.00872836
 -0.0142676  -0.0106486  0.00872836   0.0336856
-0.0415435 -0.0204309   0.129116   0.145853
  0.0091683 -0.00478371 -0.00537399  -0.0206959
-0.00478371  0.00358263 -0.00083155  0.00872824
-0.00537399 -0.00083155   0.0165742   0.0204606
 -0.0206959  0.00872824   0.0204606   0.0591293
-0.0696884 -0.0399651 -0.0752025  0.0822594
 0.00366869 -0.00533311  0.00415938 -0.00715175
-0.00533311   0.0342594 -0.00502496  0.00958693
 0.00415938 -0.00502496  0.00507499 -0.00946433
-0.00715175  0.00958693 -0.00946433   0.0203494
-0.0532438 0.0203848 0.0991174  0.169337
  0.00889843   0.00690403  -0.00532694   -0.0166173
  0.00690403   0.00828808 -0.000191705   -0.0123908
 -0.00532694 -0.000191705   0.00877457    0.0110006
  -0.0166173   -0.0123908    0.0110006     0.040033
-0.0700033 -0.0235787 -0.0751905  0.0445671
 0.00328368  -0.0044958  0.00395359 -0.00736885
 -0.0044958   0.0321347 -0.00503151   0.0116468
 0.00395359  -0.0050315  0.00505638 -0.00994199
-0.00736885   0.0116468 -0.00994199   0.0219138
-0.0400127 -0.0218517   0.125772   0.135003
  0.00951776  -0.00656075 -0.000289993   -0.0201534
 -0.00656075   0.00606888  -0.00399745    0.0125355
-0.000289993  -0.00399745    0.0125469   0.00611045
  -0.0201534    0.0125355   0.00611045    0.0545594
-0.0415042 -0.0241014   0.136747   0.141891
  0.00945889  -0.00494389  -0.00589767   -0.0217138
 -0.00494389   0.00367014 -0.000620739   0.00938141
 -0.00589767  -0.00062074    0.0172496    0.0215691
  -0.0217138   0.00938141    0.0215691    0.0627767
 -0.061892 -0.0793365 -0.0701008  0.0410397
 0.00324345 -0.00326878  0.00341291 -0.00489079
-0.00326878   0.0355284 0.000901239 -0.00831214
 0.00341291 0.000901239   0.0044378 -0.00788491
-0.00489079 -0.00831214 -0.00788491   0.0182379
  -0.06725 -0.0264383 -0.0731153  0.0494025
 0.00369988 -0.00472657  0.00448191 -0.00827803
-0.00472657   0.0322596 -0.00522814   0.0117857
 0.00448191 -0.00522814  0.00576797  -0.0111986
-0.00827803   0.0117857  -0.0111986   0.0242198
-0.0510634  0.023093 0.0976736  0.161235
 0.00781822  0.00664765 -0.00339349   -0.014043
 0.00664765  0.00848993 0.000774903  -0.0117101
-0.00339349 0.000774904  0.00644221  0.00669107
  -0.014043  -0.0117101  0.00669107   0.0333813
-0.0390356 -0.022724  0.122561  0.126262
 0.00986497 -0.00774609  0.00139778  -0.0203055
-0.00774609   0.0076985 -0.00506656   0.0148221
 0.00139778 -0.00506656   0.0111456  0.00212311
 -0.0203055   0.0148221  0.00212311   0.0534753
-0.0540757 0.0193798 0.0995471  0.172185
 0.00881759  0.00615007 -0.00580556  -0.0164323
 0.00615007  0.00729185 0.000260832  -0.0106967
-0.00580556 0.000260832    0.010253    0.012079
 -0.0164323  -0.0106967    0.012079   0.0405074
-0.0577462  -0.153722 -0.0771391  0.0554395
 0.00513872 -0.00172331  0.00584839 -0.00703228
-0.00172331   0.0490794   0.0117639  -0.0337636
 0.00584839   0.0117639    0.010934   -0.018756
-0.00703228  -0.0337636   -0.018756   0.0413391
-0.0450709 -0.0255143   0.141923   0.133796
  0.00923488  -0.00498095  -0.00563204   -0.0209041
 -0.00498095   0.00381299 -0.000774968   0.00896231
 -0.00563204 -0.000774968    0.0172798    0.0219011
  -0.0209041   0.00896231    0.0219011    0.0602002
-0.0541772 0.0211875  0.102103  0.167789
  0.00871025   0.00620148  -0.00553239   -0.0160104
  0.00620148   0.00715754 9.77887e-005   -0.0107543
 -0.00553239 9.77888e-005   0.00967525    0.0111748
  -0.0160104   -0.0107543    0.0111748    0.0391528
-0.0629024 -0.0482396 -0.0700287   0.041194
 0.00363881 -0.00484313  0.00393699 -0.00617897
-0.00484313   0.0338798 -0.00298571  0.00234209
 0.00393699 -0.00298571  0.00475217 -0.00846529
-0.00617897  0.00234209 -0.00846529   0.0187087
-0.0559492 0.0136907  0.097075  0.185274
  0.00990896    0.0071716  -0.00641112   -0.0189064
   0.0071716   0.00822252 -0.000400146   -0.0133721
 -0.00641112 -0.000400146    0.0104427     0.013024
  -0.0189064   -0.0133721     0.013024    0.0458534
-0.0461634 -0.0267472   0.156364   0.153678
  0.0152982 -0.00777478  -0.0160965  -0.0376039
-0.00777478    0.004768  0.00539247   0.0168852
 -0.0160965  0.00539246   0.0298683    0.049727
 -0.0376039   0.0168852    0.049727    0.106703
-0.0661242 -0.0523724 -0.0729809  0.0347843
 0.00331493 -0.00406357  0.00351616 -0.00532565
-0.00406357   0.0341371 -0.00187786 0.000143715
 0.00351616 -0.00187786  0.00423602 -0.00742436
-0.00532566 0.000143715 -0.00742436   0.0167381
-0.0679559 -0.0286354 -0.0737365  0.0377252
 0.00308785 -0.00439837  0.00350651 -0.00608881
-0.00439837   0.0329426   -0.004248  0.00902688
 0.00350651   -0.004248  0.00430874 -0.00818116
-0.00608881  0.00902688 -0.00818117   0.0183383
-0.0510142 0.0225976  0.101441   0.17136
   0.0101068   0.00693927  -0.00670487   -0.0192135
  0.00693927    0.0075102 -0.000526849    -0.012382
 -0.00670487 -0.000526849    0.0108153    0.0140696
  -0.0192135    -0.012382    0.0140696    0.0461635
-0.0425128 -0.0241628   0.132939   0.141827
  0.0096185 -0.00525268 -0.00576674  -0.0216101
-0.00525268  0.00404407 -0.00060888  0.00955677
-0.00576674 -0.00060888   0.0164062   0.0213436
 -0.0216101  0.00955677   0.0213436   0.0611523
-0.0441258 -0.021647  0.126983  0.137597
 0.00839793 -0.00491216 -0.00374885  -0.0181424
-0.00491216  0.00402788 -0.00135505  0.00852683
-0.00374885 -0.00135505   0.0131548   0.0155929
 -0.0181424  0.00852683   0.0155929   0.0513796
-0.0637513  -0.050792 -0.0705172  0.0357757
 0.00341488 -0.00431189  0.00366658 -0.00570496
-0.00431189   0.0344906 -0.00252714  0.00234632
 0.00366658 -0.00252714  0.00439477 -0.00781002
-0.00570496  0.00234632 -0.00781002   0.0175022
-0.0522817 0.0235791  0.104683  0.179455
  0.0103781  0.00767159 -0.00623081  -0.0203035
 0.00767159  0.00898261 1.2764e-005  -0.0148589
-0.00623081 1.2764e-005   0.0106686   0.0127523
 -0.0203035  -0.0148589   0.0127523   0.0499134
 -0.0727808 -0.00127537  -0.0783354   0.0437422
 0.00365494 -0.00431269   0.0049694 -0.00979215
-0.00431269   0.0295555 -0.00683824   0.0179962
  0.0049694 -0.00683824  0.00705043  -0.0143957
-0.00979215   0.0179962  -0.0143957   0.0321688
-0.0536839 0.0265937  0.111298  0.183015
  0.0111913  0.00729424  -0.0082169  -0.0221296
 0.00729424  0.00748645 -0.00106466   -0.013621
 -0.0082169 -0.00106466   0.0131806   0.0177034
 -0.0221296   -0.013621   0.0177034   0.0546273
-0.0658819 -0.0236555  -0.071839  0.0352852
 0.00307374 -0.00415741  0.00369794 -0.00682639
-0.00415741   0.0316565 -0.00457734   0.0108301
 0.00369794 -0.00457734   0.0047463 -0.00934484
-0.00682639   0.0108301 -0.00934484   0.0211031
-0.0486806 0.0253565 0.0993912  0.173702
 0.00858488  0.00668918 -0.00390599  -0.0160046
 0.00668918  0.00776227 0.000612512  -0.0120379
-0.00390599 0.000612512  0.00723589  0.00815483
 -0.0160046  -0.0120379  0.00815483   0.0388167
-0.0521369 0.0227602  0.102695  0.176213
   0.0098557   0.00646805  -0.00653704   -0.0186331
  0.00646805   0.00686827 -0.000230605    -0.011303
 -0.00653704 -0.000230605    0.0109191    0.0137748
  -0.0186331    -0.011303    0.0137748    0.0454876
-0.0410587 -0.0263372   0.130681   0.117113
 0.00843933 -0.00557591 -0.00189214  -0.0176736
-0.00557591  0.00503135 -0.00237823   0.0100135
-0.00189214 -0.00237823   0.0110388  0.00999795
 -0.0176736   0.0100135  0.00999795   0.0488565
-0.0582693  -0.116707 -0.0710052  0.0388496
 0.00316429 -0.00168278  0.00339143 -0.00382171
-0.00168278   0.0407187  0.00675136  -0.0233501
 0.00339143  0.00675136  0.00576815  -0.0101925
-0.00382171  -0.0233501  -0.0101925   0.0248526
-0.0967842 0.0926465 -0.120744  0.143907
 0.0286497  -0.017153  0.0454953  -0.078216
 -0.017153  0.0410942 -0.0330119  0.0636806
 0.0454953 -0.0330119  0.0745986  -0.128171
 -0.078216  0.0636806  -0.128171   0.229188
-0.0567297 0.0183991  0.103782  0.181584
   0.0107874   0.00720204  -0.00727914   -0.0211105
  0.00720204   0.00754061 -0.000692937   -0.0134178
 -0.00727914 -0.000692937    0.0116794    0.0154328
  -0.0211105   -0.0134178    0.0154328    0.0517605
-0.0511643 -0.0241593   0.151671   0.145938
 0.0150156 -0.0084857 -0.0128839 -0.0359439
-0.0084857 0.00585196 0.00392132  0.0180084
-0.0128839 0.00392132  0.0244086  0.0403949
-0.0359439  0.0180084  0.0403949   0.099483
 -0.064158 -0.0318031 -0.0705317  0.0419607
 0.00303161 -0.00417658  0.00346999 -0.00598497
-0.00417658   0.0324462  -0.0040648  0.00870439
 0.00346999  -0.0040648  0.00430308 -0.00813744
-0.00598497  0.00870439 -0.00813744   0.0183202
-0.0443491 -0.0277815   0.142742   0.132667
  0.0105668 -0.00572467 -0.00730889  -0.0241193
-0.00572467  0.00416175 0.000529325   0.0107268
-0.00730889 0.000529325   0.0174239    0.025555
 -0.0241193   0.0107268    0.025555   0.0679887
-0.0631577 -0.0292363  -0.069868  0.0339117
 0.00325318 -0.00462877  0.00387364 -0.00689525
-0.00462877   0.0322797 -0.00490785   0.0107092
 0.00387364 -0.00490785  0.00494298 -0.00947686
-0.00689525   0.0107092 -0.00947686    0.020983
-0.0646098 0.0180481  0.119221  0.215977
  0.0151347  0.00977007  -0.0132361  -0.0321106
 0.00977007  0.00944671 -0.00362081  -0.0200392
 -0.0132361 -0.00362081   0.0203424   0.0301908
 -0.0321106  -0.0200392   0.0301908   0.0810802
 -0.0698898 -0.00217335  -0.0762013   0.0475271
 0.00356797 -0.00390682  0.00486191 -0.00952192
-0.00390682   0.0283821  -0.0063021   0.0171116
 0.00486191  -0.0063021   0.0069047  -0.0140357
-0.00952192   0.0171116  -0.0140357   0.0312952
-0.0438803 -0.0254693    0.13288   0.129992
 0.00854455 -0.00494748 -0.00405802  -0.0186868
-0.00494748  0.00411959 -0.00125925  0.00880076
-0.00405802 -0.00125925   0.0132387   0.0159271
 -0.0186868  0.00880076   0.0159271   0.0527288
-0.0445758 -0.0242481    0.13265   0.135816
  0.00877368  -0.00459187   -0.0060471   -0.0200763
 -0.00459187   0.00348749 -0.000193375   0.00830621
  -0.0060471 -0.000193375    0.0155655    0.0217948
  -0.0200763   0.00830621    0.0217948    0.0581826
-0.052907 0.0265159  0.107649  0.178342
 0.00960086  0.00597049 -0.00659239  -0.0181519
 0.00597049  0.00664405  0.00047156  -0.0105762
-0.00659239  0.00047156   0.0119937   0.0134799
 -0.0181519  -0.0105762   0.0134799   0.0452641
-0.0560975  -0.137632 -0.0713657  0.0511405
 0.00397204  -0.0022684  0.00425928 -0.00461846
 -0.0022684   0.0417534  0.00716459  -0.0250488
 0.00425928  0.00716459  0.00715047  -0.0121555
-0.00461846  -0.0250488  -0.0121555   0.0289062
-0.0813273  0.0466714 -0.0982248  0.0955729
 0.0118345 -0.0135222  0.0199463 -0.0354224
-0.0135222  0.0369168 -0.0267246  0.0529689
 0.0199463 -0.0267246  0.0352322 -0.0623712
-0.0354224  0.0529689 -0.0623712   0.115724
-0.0626542 0.0192819  0.112544  0.192383
  0.0118579  0.00789047 -0.00844916  -0.0234547
 0.00789047  0.00824909 -0.00107424  -0.0148818
-0.00844916 -0.00107424   0.0134048   0.0182751
 -0.0234547  -0.0148818   0.0182751   0.0568216
-0.0438927 -0.0266446   0.137149   0.136997
   0.00861186    -0.0044993   -0.00614377       -0.0196
   -0.0044993    0.00334979 -1.67226e-005    0.00798642
  -0.00614377 -1.67227e-005      0.015682     0.0223534
      -0.0196    0.00798642     0.0223534      0.056858
-0.0550235  -0.116405 -0.0677334  0.0495925
 0.00311911 -0.00126417  0.00352861 -0.00426354
-0.00126417   0.0380588  0.00623469  -0.0205586
 0.00352861  0.00623469  0.00583896  -0.0100181
-0.00426354  -0.0205586  -0.0100181   0.0231734
-0.0431311 -0.0246654   0.129974     0.1345
  0.00862241  -0.00475988  -0.00472248   -0.0189867
 -0.00475988   0.00379511 -0.000823648   0.00833207
 -0.00472248 -0.000823649     0.013407     0.017839
  -0.0189867   0.00833207     0.017839    0.0534187
-0.064213 0.0211183  0.118388  0.191123
  0.0130189  0.00817388  -0.0104461  -0.0268461
 0.00817388  0.00799104 -0.00200051  -0.0159728
 -0.0104461 -0.00200051    0.016287   0.0234131
 -0.0268461  -0.0159728   0.0234131   0.0669429
-0.0946524 0.0905001 -0.119998  0.164364
 0.0311886 -0.0155116  0.0490954 -0.0836306
-0.0155116  0.0401218   -0.03032  0.0594882
 0.0490954   -0.03032   0.079625  -0.136284
-0.0836306  0.0594882  -0.136284   0.242067
-0.0561745  -0.078732 -0.0652577  0.0492156
 0.00295808 -0.00267847  0.00325483 -0.00454596
-0.00267847   0.0337817 0.000982513 -0.00691131
 0.00325483 0.000982514  0.00432463 -0.00740554
-0.00454596 -0.00691131 -0.00740554   0.0166892
-0.0416597 -0.0258556   0.130439   0.132582
   0.007963 -0.00442852 -0.00412759  -0.0173452
-0.00442852  0.00365577 -0.00123536  0.00751861
-0.00412759 -0.00123536   0.0133184   0.0165263
 -0.0173452  0.00751861   0.0165263   0.0494766
-0.0597672 0.0235718  0.112426  0.175398
   0.0106217   0.00664842  -0.00738535   -0.0206042
  0.00664842    0.0069715 -0.000347891   -0.0120067
 -0.00738535 -0.000347891    0.0121313    0.0157891
  -0.0206042   -0.0120067    0.0157891    0.0501304
-0.0541853  -0.110807 -0.0663726  0.0525467
 0.00348035 -0.00123678   0.0040682 -0.00537559
-0.00123679   0.0371151   0.0057788   -0.018851
  0.0040682   0.0057788  0.00647253  -0.0110754
-0.00537559   -0.018851  -0.0110754   0.0243476
-0.0592903 0.0232865   0.11098  0.171396
 0.00980272  0.00620833 -0.00658421  -0.0188587
 0.00620833  0.00670558 0.000160585  -0.0111718
-0.00658421 0.000160585   0.0115442   0.0137833
 -0.0188587  -0.0111718   0.0137833   0.0464193
 -0.046891 -0.0239744   0.139273   0.141117
  0.0112158 -0.00605099 -0.00863182  -0.0265084
-0.00605099   0.0043382  0.00123648   0.0120492
-0.00863182  0.00123648   0.0189751   0.0286993
 -0.0265084   0.0120492   0.0286993   0.0749535
-0.0583651 0.0219257  0.107973  0.185622
  0.0100901  0.00700614  -0.0059561  -0.0194281
 0.00700614  0.00774493 0.000130778   -0.012829
 -0.0059561 0.000130778   0.0101591    0.012649
 -0.0194281   -0.012829    0.012649   0.0469628
-0.0578244   -0.04893 -0.0648245  0.0379021
 0.00289674 -0.00432436  0.00310813 -0.00483116
-0.00432436   0.0331204 -0.00334065  0.00526821
 0.00310813 -0.00334065   0.0036791 -0.00664276
-0.00483116  0.00526821 -0.00664276   0.0155272
-0.0549282 0.0253783  0.109521  0.219973
  0.0107499  0.00734202 -0.00675078   -0.021089
 0.00734202  0.00827264 0.000136862  -0.0138959
-0.00675078 0.000136862   0.0116476   0.0142298
  -0.021089  -0.0138959   0.0142298   0.0519253
-0.0721598  0.0178549 -0.0789088  0.0237188
 0.00537777 -0.00547099  0.00769493  -0.0154209
-0.00547099   0.0259888  -0.0100632   0.0266227
 0.00769493  -0.0100632   0.0114676  -0.0236033
 -0.0154209   0.0266227  -0.0236033   0.0524517
-0.0392919 -0.0249844   0.124775   0.114296
  0.0076943 -0.00462173 -0.00270696  -0.0163781
-0.00462173  0.00399079 -0.00181241  0.00789567
-0.00270696 -0.00181241   0.0113421   0.0124909
 -0.0163781  0.00789567   0.0124909    0.046981
-0.0584828 0.0265105  0.114539  0.201686
    0.0099244    0.00634459   -0.00669593    -0.0190183
   0.00634459     0.0067427 -5.31672e-006    -0.0113669
  -0.00669593 -5.31677e-006     0.0116457     0.0140353
   -0.0190183    -0.0113669     0.0140353     0.0473802
-0.0401534 -0.024214  0.125727   0.12093
 0.00906496 -0.00582342 -0.00298178  -0.0199321
-0.00582342  0.00517353 -0.00200776   0.0108457
-0.00298178 -0.00200776   0.0126288   0.0133733
 -0.0199321   0.0108457   0.0133733   0.0557586
-0.0530307  -0.146011 -0.0684998  0.0268974
 0.00432215 -0.00218218  0.00464848 -0.00514351
-0.00218218   0.0436175  0.00780924  -0.0261571
 0.00464848  0.00780924  0.00773344  -0.0129706
-0.00514351  -0.0261571  -0.0129706   0.0299989
-0.0817704  0.0546478 -0.0981787  0.0867519
  0.018239 -0.0131555  0.0283463 -0.0514233
-0.0131555  0.0341099 -0.0238291  0.0501974
 0.0283463 -0.0238291  0.0452543 -0.0822862
-0.0514233  0.0501974 -0.0822862   0.156452
-0.0627464 0.0221403  0.115207   0.22204
   0.011207  0.00777569 -0.00720339  -0.0220769
 0.00777569  0.00850177 -0.00035927  -0.0148301
-0.00720339 -0.00035927   0.0119897   0.0152036
 -0.0220769  -0.0148301   0.0152036   0.0539428
-0.0583061 -0.0590121 -0.0671779  0.0132632
 0.00454389 -0.00416868  0.00561098 -0.00945836
-0.00416868   0.0337678  -0.0025154  0.00248849
 0.00561098  -0.0025154  0.00755151  -0.0137327
-0.00945836  0.00248849  -0.0137327   0.0285418
-0.0628614 0.0218545  0.114275  0.216086
     0.010559    0.00723931   -0.00661191    -0.0205671
   0.00723931    0.00792175 -2.67539e-005    -0.0136272
  -0.00661191  -2.6754e-005     0.0114255     0.0136901
   -0.0205671    -0.0136272     0.0136901     0.0508543
-0.0403562 -0.0273647   0.132607   0.105625
 0.00748106 -0.00414862 -0.00402496  -0.0162549
-0.00414862    0.003388  -0.0011204  0.00691535
-0.00402496  -0.0011204   0.0131169    0.016191
 -0.0162549  0.00691535    0.016191    0.048107
-0.0545257  -0.160412 -0.0755304   0.028415
0.00677039 0.00107433 0.00915752 -0.0126065
0.00107433  0.0499556  0.0153763 -0.0364779
0.00915752  0.0153763  0.0167898 -0.0273018
-0.0126065 -0.0364779 -0.0273018  0.0527427
-0.064742 0.0362845 -0.071193 0.0258713
 0.00773807  -0.0051003   0.0102906  -0.0199687
 -0.0051003   0.0209748 -0.00879304   0.0252747
  0.0102906 -0.00879304   0.0140055  -0.0280912
 -0.0199687   0.0252747  -0.0280912   0.0619993
-0.0667421 0.0209164  0.117299  0.210035
    0.0102429    0.00650528   -0.00702606    -0.0195931
   0.00650528    0.00703088 -7.02772e-006    -0.0116446
  -0.00702606 -7.02775e-006     0.0120982     0.0146287
   -0.0195931    -0.0116446     0.0146287     0.0478747
-0.0409431 -0.0288236   0.140905   0.113696
  0.0100526  -0.0053236 -0.00722408  -0.0235322
 -0.0053236  0.00383103  0.00049129   0.0102936
-0.00722408  0.00049129   0.0175944   0.0250484
 -0.0235322   0.0102936   0.0250484   0.0685286
-0.0636051  0.0106148 -0.0700837  0.0266004
 0.00502084 -0.00508671  0.00707821  -0.0141374
-0.00508671   0.0254283 -0.00930951   0.0250002
 0.00707821 -0.00930951   0.0103861  -0.0214142
 -0.0141374   0.0250002  -0.0214142   0.0478324
 -0.043769  -0.205905 -0.0709547  0.0592234
0.00999401 0.00407484   0.013358 -0.0174174
0.00407484  0.0442929  0.0199704 -0.0442995
  0.013358  0.0199704  0.0230779 -0.0359268
-0.0174174 -0.0442995 -0.0359268   0.068209
  -0.059038 -0.00660455  -0.0655746   0.0326979
 0.00388622 -0.00431282  0.00535756  -0.0106948
-0.00431282   0.0282088 -0.00723816    0.019814
 0.00535756 -0.00723816  0.00767251  -0.0157996
 -0.0106948    0.019814  -0.0157996   0.0356378
-0.0698115 0.0194477  0.119457  0.211271
    0.010842   0.00710055  -0.00734701   -0.0210469
  0.00710055   0.00768715 -0.000225772   -0.0130113
 -0.00734701 -0.000225772    0.0123536    0.0155193
  -0.0210469   -0.0130113    0.0155193    0.0509377
-0.0750654 0.0156862  0.124306  0.225795
  0.0128989  0.00845119 -0.00987884  -0.0261844
 0.00845119  0.00852405 -0.00179438  -0.0165065
-0.00987884 -0.00179438    0.015516   0.0215557
 -0.0261844  -0.0165065   0.0215557   0.0644827
-0.0499639 -0.0524078 -0.0577027  0.0194895
 0.00325596 -0.00455829  0.00354409 -0.00561021
-0.00455829   0.0330085 -0.00355691  0.00564672
 0.00354409 -0.00355691  0.00423933 -0.00761343
-0.00561021  0.00564672 -0.00761343   0.0172308
 -0.042182 -0.0287488   0.139405     0.1085
  0.00884551  -0.00485233  -0.00547962   -0.0201542
 -0.00485233   0.00379385 -0.000490977   0.00887174
 -0.00547962 -0.000490977    0.0150936    0.0202319
  -0.0201542   0.00887174    0.0202319    0.0584651
-0.0691648 0.0194668  0.118063   0.20635
   0.0104262   0.00708673  -0.00646034    -0.020049
  0.00708673   0.00749302 -0.000251944   -0.0130262
 -0.00646034 -0.000251944    0.0107941    0.0132935
   -0.020049   -0.0130262    0.0132935     0.048711
-0.0380405 -0.0305514   0.135701   0.108146
 0.00733575 -0.00398872 -0.00407701  -0.0162465
-0.00398872   0.0033292 -0.00131421  0.00665821
-0.00407701 -0.00131421   0.0136296   0.0165024
 -0.0162465  0.00665821   0.0165024    0.048366
-0.0477633  -0.102261 -0.0581994  0.0219929
 0.00312127 -0.00187902  0.00339683 -0.00443416
-0.00187902   0.0360661  0.00378017   -0.014391
 0.00339683  0.00378017  0.00492728 -0.00844551
-0.00443416   -0.014391 -0.00844551   0.0192142
-0.0460563  -0.151992 -0.0632156  0.0306802
 0.00463721 -0.00139203  0.00527752 -0.00642053
-0.00139203   0.0457429  0.00961378  -0.0293624
 0.00527752  0.00961378  0.00911321  -0.0156183
-0.00642053  -0.0293624  -0.0156183   0.0350567
-0.0433035 -0.0270212   0.138506   0.117896
 0.00968703 -0.00522075 -0.00652331  -0.0222953
-0.00522075  0.00388131 0.000153818  0.00976787
-0.00652331 0.000153817   0.0162104   0.0230605
 -0.0222953  0.00976787   0.0230605   0.0640424
-0.0623319  0.0374098 -0.0703427  0.0477531
 0.00882503 -0.00718134   0.0120768  -0.0235757
-0.00718134   0.0254157  -0.0124668   0.0334225
  0.0120768  -0.0124668   0.0170404  -0.0343259
 -0.0235757   0.0334225  -0.0343259    0.075204
-0.0708496 0.0201982  0.121013   0.21128
   0.0103395   0.00659658  -0.00705624   -0.0200746
  0.00659658   0.00698891 -0.000184505    -0.011961
 -0.00705624 -0.000184505    0.0118938     0.014955
  -0.0200746    -0.011961     0.014955    0.0492958
