3
-0.0301878 0.759163 -0.6502 1.60186
1.2928e-006 5.80739e-008 -2.74524e-008 -1.69183e-007
5.80739e-008 2.63781e-007 2.48762e-007 -6.47109e-007
-2.74524e-008 2.48762e-007 2.47958e-007 -5.98472e-007
-1.69183e-007 -6.47109e-007 -5.98472e-007 1.63228e-006
4306
0.845801 -0.305415 -0.437428 1.55785
2.56091e-007 8.45276e-008 3.73675e-007 -8.17e-007
8.45276e-008 8.67847e-007 -3.96572e-007 6.9768e-007
3.73675e-007 -3.96572e-007 8.78837e-007 -1.79613e-006
-8.17e-007 6.9768e-007 -1.79613e-006 3.80116e-006
1653
-0.59874 -0.347798 -0.721489 2.16844
1.43993e-006 -1.78309e-007 -1.00378e-006 1.92154e-006
-1.78309e-007 2.35807e-006 -7.34957e-007 1.23248e-006
-1.00378e-006 -7.34957e-007 1.03228e-006 -1.87604e-006
1.92154e-006 1.23248e-006 -1.87604e-006 3.64522e-006
1747
48956
<<<
3
0.84614 -0.296206 -0.443068 1.56734
2.78556e-007 1.71872e-008 4.30599e-007 -9.81838e-007
1.71872e-008 1.01879e-006 -5.42684e-007 9.53931e-007
4.30599e-007 -5.42684e-007 9.95947e-007 -2.09208e-006
-9.81838e-007 9.53931e-007 -2.09208e-006 4.55932e-006
1701
-0.0221981 0.759496 -0.650133 1.60191
1.38914e-006 -7.66172e-008 -1.26238e-007 1.81907e-007
-7.66172e-008 2.22493e-007 2.18052e-007 -5.50322e-007
-1.26238e-007 2.18052e-007 2.24821e-007 -5.26197e-007
1.81907e-007 -5.50322e-007 -5.26197e-007 1.40745e-006
4378
-0.598887 -0.353319 -0.718679 2.16389
1.39587e-006 -3.06112e-007 -9.41147e-007 1.78788e-006
-3.06112e-007 1.56008e-006 -3.98267e-007 6.10717e-007
-9.41147e-007 -3.98267e-007 8.90767e-007 -1.60095e-006
1.78788e-006 6.10717e-007 -1.60095e-006 3.12719e-006
1691
48995
<<<
3
0.845482 -0.293761 -0.445942 1.57421
4.00848e-007 -4.19692e-008 6.42475e-007 -1.40745e-006
-4.19692e-008 1.74774e-006 -1.04257e-006 1.90467e-006
6.42475e-007 -1.04257e-006 1.62489e-006 -3.2974e-006
-1.40745e-006 1.90467e-006 -3.2974e-006 6.89944e-006
1713
-0.0265121 0.759455 -0.65002 1.60189
1.33428e-006 1.05343e-008 -5.81524e-008 -3.79305e-008
1.05343e-008 2.38679e-007 2.29687e-007 -5.892e-007
-5.81524e-008 2.29687e-007 2.32902e-007 -5.54594e-007
-3.79305e-008 -5.892e-007 -5.54594e-007 1.4989e-006
4359
-0.596769 -0.356751 -0.718745 2.16484
1.55163e-006 -4.29227e-007 -9.90649e-007 1.95789e-006
-4.29227e-007 1.4133e-006 -2.73644e-007 3.23168e-007
-9.90649e-007 -2.73644e-007 8.76546e-007 -1.60078e-006
1.95789e-006 3.23168e-007 -1.60078e-006 3.21704e-006
1702
49196
<<<
3
-0.0314357 0.758978 -0.650357 1.60241
1.28296e-006 7.79452e-008 -1.24433e-008 -2.21794e-007
7.79452e-008 2.82555e-007 2.64234e-007 -6.91069e-007
-1.24433e-008 2.64234e-007 2.60869e-007 -6.34884e-007
-2.21794e-007 -6.91069e-007 -6.34884e-007 1.73327e-006
4293
0.844586 -0.288392 -0.451114 1.58273
3.54599e-007 -1.7928e-007 6.1706e-007 -1.37904e-006
-1.7928e-007 1.8922e-006 -1.18411e-006 2.23599e-006
6.1706e-007 -1.18411e-006 1.52081e-006 -3.17693e-006
-1.37904e-006 2.23599e-006 -3.17693e-006 6.8147e-006
1790
-0.598467 -0.348536 -0.72136 2.16754
1.37311e-006 -1.33472e-007 -9.79777e-007 1.86511e-006
-1.33472e-007 2.11568e-006 -6.91435e-007 1.13952e-006
-9.79777e-007 -6.91435e-007 1.00837e-006 -1.81875e-006
1.86511e-006 1.13952e-006 -1.81875e-006 3.52682e-006
1735
49217
<<<
3
-0.0231984 0.759519 -0.650071 1.60188
1.36275e-006 -5.38944e-008 -1.0699e-007 1.25927e-007
-5.38944e-008 2.22701e-007 2.17452e-007 -5.5307e-007
-1.0699e-007 2.17452e-007 2.23194e-007 -5.27516e-007
1.25927e-007 -5.5307e-007 -5.27516e-007 1.41684e-006
4377
-0.599746 -0.356655 -0.716312 2.16049
1.44597e-006 -4.29056e-007 -9.27077e-007 1.80616e-006
-4.29056e-007 1.35936e-006 -2.50941e-007 3.05494e-007
-9.27077e-007 -2.50941e-007 8.29465e-007 -1.50261e-006
1.80616e-006 3.05494e-007 -1.50261e-006 2.99163e-006
1673
0.844972 -0.294839 -0.446198 1.57446
3.65611e-007 -8.12048e-009 5.61783e-007 -1.29997e-006
-8.12048e-009 1.28525e-006 -7.05917e-007 1.26809e-006
5.61783e-007 -7.05917e-007 1.25394e-006 -2.67967e-006
-1.29997e-006 1.26809e-006 -2.67967e-006 5.91139e-006
1743
49256
<<<
2
0.00211296 0.757014 -0.653395 1.607
1.57736e-006 -2.99616e-007 -2.47776e-007 7.62733e-007
-2.99616e-007 2.54319e-007 2.30383e-007 -6.28285e-007
-2.47776e-007 2.30383e-007 2.20847e-007 -5.60594e-007
7.62733e-007 -6.28285e-007 -5.60594e-007 1.60313e-006
3848
0.844863 -0.303599 -0.440493 1.56408
3.18108e-007 8.16713e-008 4.62676e-007 -1.03064e-006
8.16713e-008 1.03682e-006 -4.85825e-007 8.66201e-007
4.62676e-007 -4.85825e-007 1.0481e-006 -2.18192e-006
-1.03064e-006 8.66201e-007 -2.18192e-006 4.68811e-006
1686
49295
<<<
3
-0.0221073 0.759195 -0.650487 1.60275
1.39691e-006 -6.82251e-008 -1.1666e-007 1.69666e-007
-6.82251e-008 2.3762e-007 2.29724e-007 -5.87224e-007
-1.1666e-007 2.29724e-007 2.33462e-007 -5.55018e-007
1.69666e-007 -5.87224e-007 -5.55018e-007 1.49833e-006
4391
0.841995 -0.301752 -0.447202 1.57877
9.11678e-007 3.1877e-007 1.08047e-006 -2.71267e-006
3.1877e-007 9.60149e-007 -1.3249e-007 -3.87503e-008
1.08047e-006 -1.3249e-007 1.61557e-006 -3.79229e-006
-2.71267e-006 -3.87503e-008 -3.79229e-006 9.16622e-006
1720
-0.597282 -0.356049 -0.718668 2.16484
1.60149e-006 -4.41465e-007 -1.01362e-006 2.05486e-006
-4.41465e-007 1.47805e-006 -2.91718e-007 3.33866e-007
-1.01362e-006 -2.91718e-007 8.95806e-007 -1.66521e-006
2.05486e-006 3.33866e-007 -1.66521e-006 3.38874e-006
1709
49325
<<<
2
-0.59664 -0.351104 -0.721628 2.1692
1.778e-006 -3.64651e-007 -1.16055e-006 2.31244e-006
-3.64651e-007 2.05744e-006 -5.33332e-007 7.64322e-007
-1.16055e-006 -5.33332e-007 1.07796e-006 -1.97554e-006
2.31244e-006 7.64322e-007 -1.97554e-006 3.9751e-006
1761
-0.0278724 0.759778 -0.649585 1.60067
1.3252e-006 6.09323e-009 -6.78096e-008 -3.23037e-008
6.09323e-009 2.23065e-007 2.17168e-007 -5.51072e-007
-6.78096e-008 2.17168e-007 2.23815e-007 -5.23475e-007
-3.23037e-008 -5.51072e-007 -5.23475e-007 1.40769e-006
4335
49355
<<<
3
-0.00936219 0.759155 -0.650843 1.60172
1.51397e-006 -2.79001e-007 -2.63289e-007 7.01136e-007
-2.79001e-007 2.10688e-007 1.98388e-007 -5.17774e-007
-2.63289e-007 1.98388e-007 1.9897e-007 -4.78733e-007
7.01136e-007 -5.17774e-007 -4.78733e-007 1.32e-006
4233
0.843158 -0.300407 -0.445915 1.57512
3.85084e-007 9.59103e-010 5.95887e-007 -1.32271e-006
9.59103e-010 1.48246e-006 -8.15403e-007 1.50556e-006
5.95887e-007 -8.15403e-007 1.39621e-006 -2.90023e-006
-1.32271e-006 1.50556e-006 -2.90023e-006 6.203e-006
1743
-0.601185 -0.345733 -0.720447 2.16403
1.30728e-006 -1.15493e-007 -9.6236e-007 1.73157e-006
-1.15493e-007 2.31618e-006 -7.59146e-007 1.26495e-006
-9.6236e-007 -7.59146e-007 1.03264e-006 -1.78885e-006
1.73157e-006 1.26495e-006 -1.78885e-006 3.36385e-006
1719
49395
<<<
2
-0.0104501 0.75948 -0.650447 1.60132
1.51383e-006 -2.67033e-007 -2.60451e-007 6.65991e-007
-2.67033e-007 2.06271e-007 1.96774e-007 -5.05535e-007
-2.60451e-007 1.96774e-007 2.00012e-007 -4.72408e-007
6.65991e-007 -5.05535e-007 -4.72408e-007 1.28559e-006
4252
-0.589336 -0.369883 -0.718241 2.16444
2.38927e-006 -8.25398e-007 -1.29923e-006 2.98701e-006
-8.25398e-007 8.47926e-007 1.66485e-007 -7.345e-007
-1.29923e-006 1.66485e-007 8.75747e-007 -1.76669e-006
2.98701e-006 -7.345e-007 -1.76669e-006 4.08395e-006
1509
49425
<<<
1
-0.0353297 0.760142 -0.648795 1.59835
1.23822e-006 7.62623e-008 -2.50298e-008 -2.37098e-007
7.62623e-008 2.29504e-007 2.18124e-007 -5.6433e-007
-2.50298e-008 2.18124e-007 2.22438e-007 -5.24495e-007
-2.37098e-007 -5.6433e-007 -5.24495e-007 1.4281e-006
4186
49455
<<<
3
-0.600195 -0.353897 -0.717302 2.16178
1.536e-006 -3.54346e-007 -1.03232e-006 1.98662e-006
-3.54346e-007 1.58615e-006 -3.74689e-007 5.33817e-007
-1.03232e-006 -3.74689e-007 9.56444e-007 -1.72517e-006
1.98662e-006 5.33817e-007 -1.72517e-006 3.38815e-006
1708
0.842913 -0.298377 -0.447737 1.57841
3.98679e-007 -3.56974e-008 6.29451e-007 -1.39812e-006
-3.56974e-008 1.60591e-006 -9.16348e-007 1.70576e-006
6.29451e-007 -9.16348e-007 1.48184e-006 -3.08232e-006
-1.39812e-006 1.70576e-006 -3.08232e-006 6.5974e-006
1758
0.0045399 0.755663 -0.654945 1.60968
1.56848e-006 -3.28857e-007 -2.57485e-007 8.35272e-007
-3.28857e-007 2.85103e-007 2.514e-007 -7.00871e-007
-2.57485e-007 2.514e-007 2.33655e-007 -6.11817e-007
8.35272e-007 -7.00871e-007 -6.11817e-007 1.7771e-006
3810
49494
<<<
3
-0.0182681 0.75975 -0.649958 1.60126
1.45548e-006 -1.72031e-007 -2.01581e-007 4.20012e-007
-1.72031e-007 2.11017e-007 2.07687e-007 -5.18405e-007
-2.01581e-007 2.07687e-007 2.1623e-007 -4.97828e-007
4.20012e-007 -5.18405e-007 -4.97828e-007 1.32029e-006
4383
-0.596324 -0.351582 -0.721657 2.16911
1.76447e-006 -3.37483e-007 -1.16678e-006 2.32733e-006
-3.37483e-007 1.96183e-006 -5.1854e-007 7.57415e-007
-1.16678e-006 -5.1854e-007 1.08117e-006 -1.994e-006
2.32733e-006 7.57415e-007 -1.994e-006 4.02091e-006
1755
0.844477 -0.295928 -0.446413 1.57452
3.22563e-007 -1.63826e-008 5.10254e-007 -1.15734e-006
-1.63826e-008 1.24927e-006 -7.00615e-007 1.26185e-006
5.10254e-007 -7.00615e-007 1.18753e-006 -2.49077e-006
-1.15734e-006 1.26185e-006 -2.49077e-006 5.41576e-006
1731
49525
<<<
3
-0.0402419 0.760347 -0.648269 1.5973
1.19245e-006 1.10487e-007 -4.09069e-009 -3.38015e-007
1.10487e-007 2.47036e-007 2.30907e-007 -6.04245e-007
-4.09069e-009 2.30907e-007 2.33019e-007 -5.52377e-007
-3.38015e-007 -6.04245e-007 -5.52377e-007 1.51885e-006
4050
0.843893 -0.300293 -0.444599 1.57207
3.28531e-007 3.52429e-009 5.1654e-007 -1.13037e-006
3.52429e-009 1.42636e-006 -7.78616e-007 1.44507e-006
5.1654e-007 -7.78616e-007 1.26519e-006 -2.59806e-006
-1.13037e-006 1.44507e-006 -2.59806e-006 5.49836e-006
1729
-0.598008 -0.356396 -0.717892 2.16342
1.70939e-006 -4.54643e-007 -1.09844e-006 2.19464e-006
-4.54643e-007 1.47556e-006 -2.79958e-007 3.08608e-007
-1.09844e-006 -2.79958e-007 9.63192e-007 -1.76926e-006
2.19464e-006 3.08608e-007 -1.76926e-006 3.57619e-006
1713
49554
<<<
3
-0.603392 -0.350537 -0.716269 2.15824
1.29239e-006 -2.18594e-007 -9.22632e-007 1.68424e-006
-2.18594e-007 1.77068e-006 -5.26488e-007 8.48766e-007
-9.22632e-007 -5.26488e-007 9.38418e-007 -1.63869e-006
1.68424e-006 8.48766e-007 -1.63869e-006 3.10873e-006
1682
0.0171013 0.752903 -0.657909 1.61567
1.78095e-006 -5.46895e-007 -3.8166e-007 1.35589e-006
-5.46895e-007 4.24634e-007 3.34078e-007 -1.01436e-006
-3.8166e-007 3.34078e-007 2.77063e-007 -8.0054e-007
1.35589e-006 -1.01436e-006 -8.0054e-007 2.48979e-006
3593
0.843842 -0.299494 -0.445235 1.57349
3.25036e-007 -2.31355e-008 5.24358e-007 -1.14228e-006
-2.31355e-008 1.48258e-006 -8.44201e-007 1.58089e-006
5.24358e-007 -8.44201e-007 1.30828e-006 -2.68126e-006
-1.14228e-006 1.58089e-006 -2.68126e-006 5.6535e-006
1737
49595
<<<
3
-0.0330403 0.760129 -0.648932 1.5989
1.25366e-006 5.35448e-008 -4.04985e-008 -1.73192e-007
5.35448e-008 2.25744e-007 2.16924e-007 -5.56992e-007
-4.04985e-008 2.16924e-007 2.22564e-007 -5.22841e-007
-1.73192e-007 -5.56992e-007 -5.22841e-007 1.41551e-006
4240
-0.598821 -0.356988 -0.716919 2.16133
1.60571e-006 -5.0604e-007 -1.00171e-006 2.00875e-006
-5.0604e-007 1.34583e-006 -1.97335e-007 1.47405e-007
-1.00171e-006 -1.97335e-007 8.60789e-007 -1.5727e-006
2.00875e-006 1.47405e-007 -1.5727e-006 3.19005e-006
1695
0.839551 -0.304867 -0.449679 1.5848
1.22933e-006 4.52956e-007 1.38728e-006 -3.52946e-006
4.52956e-007 9.12404e-007 5.85186e-008 -5.07363e-007
1.38728e-006 5.85186e-008 1.87807e-006 -4.50959e-006
-3.52946e-006 -5.07363e-007 -4.50959e-006 1.11282e-005
1714
49625
<<<
3
-0.601393 -0.352276 -0.717097 2.15999
1.37455e-006 -2.86592e-007 -9.54151e-007 1.76483e-006
-2.86592e-007 1.53894e-006 -4.02088e-007 5.98837e-007
-9.54151e-007 -4.02088e-007 9.17077e-007 -1.60528e-006
1.76483e-006 5.98837e-007 -1.60528e-006 3.0814e-006
1684
-0.0234538 0.75949 -0.650096 1.60211
1.38965e-006 -6.89064e-008 -1.26105e-007 1.6557e-007
-6.89064e-008 2.24823e-007 2.2075e-007 -5.55343e-007
-1.26105e-007 2.2075e-007 2.28685e-007 -5.32145e-007
1.6557e-007 -5.55343e-007 -5.32145e-007 1.41869e-006
4377
0.84271 -0.301808 -0.445816 1.57566
4.7028e-007 7.72779e-008 6.70736e-007 -1.53494e-006
7.72779e-008 1.29731e-006 -6.2097e-007 1.09508e-006
6.70736e-007 -6.2097e-007 1.39716e-006 -2.97396e-006
-1.53494e-006 1.09508e-006 -2.97396e-006 6.53282e-006
1733
49655
<<<
2
-0.0340973 0.760376 -0.648587 1.59835
1.25223e-006 6.66571e-008 -3.06426e-008 -2.0964e-007
6.66571e-008 2.2619e-007 2.17078e-007 -5.56499e-007
-3.06426e-008 2.17078e-007 2.23052e-007 -5.21796e-007
-2.0964e-007 -5.56499e-007 -5.21796e-007 1.40994e-006
4208
0.8449 -0.299829 -0.442998 1.56896
2.71598e-007 -1.92705e-008 4.47323e-007 -9.61766e-007
-1.92705e-008 1.37497e-006 -7.89968e-007 1.48145e-006
4.47323e-007 -7.89968e-007 1.17567e-006 -2.38421e-006
-9.61766e-007 1.48145e-006 -2.38421e-006 4.97671e-006
1716
49695
<<<
3
0.844008 -0.300067 -0.444534 1.57237
3.31604e-007 -7.23681e-009 5.24055e-007 -1.14538e-006
-7.23681e-009 1.51123e-006 -8.45146e-007 1.56262e-006
5.24055e-007 -8.45146e-007 1.31229e-006 -2.68222e-006
-1.14538e-006 1.56262e-006 -2.68222e-006 5.64541e-006
1733
-0.0177599 0.759199 -0.650616 1.60306
1.47137e-006 -1.8713e-007 -2.14882e-007 4.58141e-007
-1.8713e-007 2.37353e-007 2.29924e-007 -5.85924e-007
-2.14882e-007 2.29924e-007 2.35125e-007 -5.54991e-007
4.58141e-007 -5.85924e-007 -5.54991e-007 1.49285e-006
4395
-0.600983 -0.347954 -0.719546 2.16378
1.38428e-006 -1.46832e-007 -9.99888e-007 1.8581e-006
-1.46832e-007 2.20674e-006 -7.14103e-007 1.17559e-006
-9.99888e-007 -7.14103e-007 1.0445e-006 -1.84772e-006
1.8581e-006 1.17559e-006 -1.84772e-006 3.5347e-006
1721
49725
<<<
2
-0.0187382 0.759545 -0.650184 1.60184
1.44666e-006 -1.6133e-007 -1.93276e-007 3.9703e-007
-1.6133e-007 2.18649e-007 2.14604e-007 -5.38804e-007
-1.93276e-007 2.14604e-007 2.22305e-007 -5.1626e-007
3.9703e-007 -5.38804e-007 -5.1626e-007 1.37529e-006
4382
0.84096 -0.291682 -0.455751 1.59422
5.71976e-007 -2.33695e-007 9.25731e-007 -2.06897e-006
-2.33695e-007 2.52567e-006 -1.54437e-006 2.94951e-006
9.25731e-007 -1.54437e-006 2.10599e-006 -4.42487e-006
-2.06897e-006 2.94951e-006 -4.42487e-006 9.51663e-006
1833
49754
<<<
3
-0.600014 -0.355527 -0.716648 2.16021
1.53421e-006 -4.05728e-007 -1.01238e-006 1.93781e-006
-4.05728e-007 1.34073e-006 -2.55021e-007 2.99316e-007
-1.01238e-006 -2.55021e-007 9.00959e-007 -1.6067e-006
1.93781e-006 2.99316e-007 -1.6067e-006 3.16843e-006
1685
-0.0217689 0.75925 -0.650435 1.60265
1.40617e-006 -9.58769e-008 -1.44202e-007 2.34679e-007
-9.58769e-008 2.34587e-007 2.28277e-007 -5.78417e-007
-1.44202e-007 2.28277e-007 2.33926e-007 -5.5025e-007
2.34679e-007 -5.78417e-007 -5.5025e-007 1.47257e-006
4393
0.842599 -0.301662 -0.446125 1.57618
4.72678e-007 7.73969e-008 6.70222e-007 -1.54263e-006
7.73969e-008 1.37231e-006 -6.60886e-007 1.15877e-006
6.70222e-007 -6.60886e-007 1.41239e-006 -3.00776e-006
-1.54263e-006 1.15877e-006 -3.00776e-006 6.6157e-006
1740
49795
<<<
3
-0.0182298 0.760201 -0.649432 1.6004
1.4557e-006 -1.7855e-007 -2.08313e-007 4.37088e-007
-1.7855e-007 2.01015e-007 1.99448e-007 -4.93387e-007
-2.08313e-007 1.99448e-007 2.09652e-007 -4.76794e-007
4.37088e-007 -4.93387e-007 -4.76794e-007 1.25851e-006
4374
-0.597336 -0.351376 -0.720919 2.16757
1.64886e-006 -3.43025e-007 -1.0776e-006 2.17424e-006
-3.43025e-007 2.04881e-006 -5.46323e-007 8.03568e-007
-1.0776e-006 -5.46323e-007 1.02322e-006 -1.89636e-006
2.17424e-006 8.03568e-007 -1.89636e-006 3.83742e-006
1754
0.84049 -0.297497 -0.452849 1.58967
6.70356e-007 -1.55626e-008 9.59324e-007 -2.23449e-006
-1.55626e-008 1.9017e-006 -1.0265e-006 1.85929e-006
9.59324e-007 -1.0265e-006 1.94149e-006 -4.19439e-006
-2.23449e-006 1.85929e-006 -4.19439e-006 9.31865e-006
1803
49836
<<<
2
-0.0330744 0.760147 -0.648909 1.59878
1.25361e-006 5.45969e-008 -3.90849e-008 -1.77558e-007
5.45969e-008 2.28298e-007 2.19518e-007 -5.62903e-007
-3.90849e-008 2.19518e-007 2.25209e-007 -5.28976e-007
-1.77558e-007 -5.62903e-007 -5.28976e-007 1.42972e-006
4232
-0.596935 -0.35123 -0.721322 2.16864
1.74133e-006 -3.43841e-007 -1.13754e-006 2.2831e-006
-3.43841e-007 2.13398e-006 -5.73481e-007 8.51889e-007
-1.13754e-006 -5.73481e-007 1.07236e-006 -1.98136e-006
2.2831e-006 8.51889e-007 -1.98136e-006 3.99222e-006
1764
49854
<<<
3
0.843083 -0.299487 -0.446675 1.57659
3.8738e-007 -1.70419e-008 6.04802e-007 -1.35009e-006
-1.70419e-008 1.52908e-006 -8.61095e-007 1.59822e-006
6.04802e-007 -8.61095e-007 1.42517e-006 -2.97075e-006
-1.35009e-006 1.59822e-006 -2.97075e-006 6.37476e-006
1750
-0.596064 -0.346288 -0.724426 2.17329
1.78404e-006 -2.11707e-007 -1.19982e-006 2.41598e-006
-2.11707e-007 2.57148e-006 -7.86074e-007 1.23365e-006
-1.19982e-006 -7.86074e-007 1.17097e-006 -2.17276e-006
2.41598e-006 1.23365e-006 -2.17276e-006 4.35522e-006
1792
-0.0417606 0.76075 -0.6477 1.59596
1.17893e-006 1.06998e-007 -9.51337e-009 -3.36646e-007
1.06998e-007 2.35006e-007 2.20791e-007 -5.75178e-007
-9.51337e-009 2.20791e-007 2.24928e-007 -5.27338e-007
-3.36646e-007 -5.75178e-007 -5.27338e-007 1.44757e-006
3989
49894
<<<
3
0.841912 -0.285447 -0.457934 1.59673
4.96095e-007 -5.31478e-007 9.45194e-007 -2.02053e-006
-5.31478e-007 2.97636e-006 -2.06117e-006 4.06861e-006
9.45194e-007 -2.06117e-006 2.31553e-006 -4.77189e-006
-2.02053e-006 4.06861e-006 -4.77189e-006 1.00017e-005
1843
-0.0394091 0.757908 -0.65117 1.60464
1.28404e-006 2.02553e-007 7.19467e-008 -5.34414e-007
2.02553e-007 3.78024e-007 3.33419e-007 -9.12028e-007
7.19467e-008 3.33419e-007 3.12492e-007 -7.94928e-007
-5.34414e-007 -9.12028e-007 -7.94928e-007 2.24357e-006
4205
-0.600189 -0.351448 -0.718511 2.16285
1.46615e-006 -2.94565e-007 -1.00052e-006 1.90247e-006
-2.94565e-007 1.78336e-006 -4.83427e-007 7.28468e-007
-1.00052e-006 -4.83427e-007 9.68529e-007 -1.72626e-006
1.90247e-006 7.28468e-007 -1.72626e-006 3.36187e-006
1715
49955
<<<
3
0.844067 -0.302048 -0.443078 1.56931
3.22637e-007 3.86853e-008 4.91583e-007 -1.08822e-006
3.86853e-008 1.13988e-006 -5.90946e-007 1.07518e-006
4.91583e-007 -5.90946e-007 1.13807e-006 -2.35892e-006
-1.08822e-006 1.07518e-006 -2.35892e-006 5.05112e-006
1703
-0.0228979 0.759454 -0.650158 1.60227
1.40133e-006 -8.24297e-008 -1.3616e-007 1.93833e-007
-8.24297e-008 2.26248e-007 2.22025e-007 -5.58423e-007
-1.3616e-007 2.22025e-007 2.2986e-007 -5.34356e-007
1.93833e-007 -5.58423e-007 -5.34356e-007 1.42601e-006
4381
-0.611492 -0.289068 -0.736557 2.183
2.94581e-006 2.87572e-006 -3.05502e-006 5.23795e-006
2.87572e-006 9.97111e-006 -4.82091e-006 8.89743e-006
-3.05502e-006 -4.82091e-006 3.712e-006 -6.52168e-006
5.23795e-006 8.89743e-006 -6.52168e-006 1.19696e-005
1021
49976
<<<
3
0.844659 -0.294247 -0.44718 1.57526
2.87048e-007 -5.25601e-008 4.72976e-007 -1.06167e-006
-5.25601e-008 1.3358e-006 -7.87849e-007 1.44499e-006
4.72976e-007 -7.87849e-007 1.16618e-006 -2.42314e-006
-1.06167e-006 1.44499e-006 -2.42314e-006 5.20717e-006
1738
-0.0339068 0.759895 -0.649161 1.5999
1.26712e-006 6.78619e-008 -3.2188e-008 -2.16015e-007
6.78619e-008 2.4372e-007 2.32024e-007 -6.00621e-007
-3.2188e-008 2.32024e-007 2.36017e-007 -5.59025e-007
-2.16015e-007 -6.00621e-007 -5.59025e-007 1.52253e-006
4239
-0.597898 -0.356169 -0.718096 2.16329
1.70378e-006 -4.81169e-007 -1.07356e-006 2.15665e-006
-4.81169e-007 1.5536e-006 -2.88641e-007 3.35904e-007
-1.07356e-006 -2.88641e-007 9.39687e-007 -1.73649e-006
2.15665e-006 3.35904e-007 -1.73649e-006 3.54113e-006
1722
50063
<<<
3
0.843459 -0.298782 -0.446437 1.5758
3.61546e-007 -1.09418e-008 5.66103e-007 -1.24933e-006
-1.09418e-008 1.55707e-006 -8.57005e-007 1.59303e-006
5.66103e-007 -8.57005e-007 1.36399e-006 -2.82031e-006
-1.24933e-006 1.59303e-006 -2.82031e-006 6.00116e-006
1747
-0.0267672 0.759477 -0.649983 1.60187
1.34297e-006 -1.31226e-008 -8.53909e-008 1.62473e-008
-1.31226e-008 2.38139e-007 2.30768e-007 -5.88925e-007
-8.53909e-008 2.30768e-007 2.36276e-007 -5.57838e-007
1.62473e-008 -5.88925e-007 -5.57838e-007 1.50174e-006
4361
-0.600344 -0.355172 -0.716547 2.1606
1.53622e-006 -4.08147e-007 -1.0196e-006 1.92966e-006
-4.08147e-007 1.41104e-006 -2.74279e-007 3.56469e-007
-1.0196e-006 -2.74279e-007 9.16555e-007 -1.62908e-006
1.92966e-006 3.56469e-007 -1.62908e-006 3.1794e-006
1690
50095
<<<
3
0.841802 -0.287983 -0.456547 1.59349
5.06536e-007 -2.48834e-007 8.42594e-007 -1.89215e-006
-2.48834e-007 2.24119e-006 -1.40369e-006 2.67501e-006
8.42594e-007 -1.40369e-006 1.89928e-006 -4.01291e-006
-1.89215e-006 2.67501e-006 -4.01291e-006 8.68841e-006
1829
-0.0236852 0.759398 -0.650195 1.60209
1.37359e-006 -6.55963e-008 -1.21874e-007 1.56157e-007
-6.55963e-008 2.24469e-007 2.19731e-007 -5.55506e-007
-1.21874e-007 2.19731e-007 2.2692e-007 -5.3036e-007
1.56157e-007 -5.55506e-007 -5.3036e-007 1.42285e-006
4375
-0.596488 -0.351405 -0.721607 2.16923
1.74155e-006 -3.26762e-007 -1.13653e-006 2.2938e-006
-3.26762e-007 1.99261e-006 -5.27153e-007 7.98995e-007
-1.13653e-006 -5.27153e-007 1.04556e-006 -1.95772e-006
2.2938e-006 7.98995e-007 -1.95772e-006 3.97019e-006
1765
50219
<<<
2
0.8419 -0.292758 -0.453318 1.58914
4.83043e-007 -1.89464e-007 8.01559e-007 -1.76897e-006
-1.89464e-007 2.24495e-006 -1.37416e-006 2.61405e-006
8.01559e-007 -1.37416e-006 1.88724e-006 -3.92591e-006
-1.76897e-006 2.61405e-006 -3.92591e-006 8.36383e-006
1812
-0.0124657 0.759087 -0.65087 1.60284
1.494e-006 -2.55465e-007 -2.54822e-007 6.32922e-007
-2.55465e-007 2.33745e-007 2.22875e-007 -5.75368e-007
-2.54822e-007 2.22875e-007 2.2495e-007 -5.38132e-007
6.32922e-007 -5.75368e-007 -5.38132e-007 1.46358e-006
4314
50268
<<<
3
-0.0216412 0.759607 -0.650022 1.60217
1.42134e-006 -1.06036e-007 -1.51689e-007 2.59699e-007
-1.06036e-007 2.26851e-007 2.22461e-007 -5.60464e-007
-1.51689e-007 2.22461e-007 2.29988e-007 -5.36289e-007
2.59699e-007 -5.60464e-007 -5.36289e-007 1.43216e-006
4392
-0.600305 -0.356041 -0.716149 2.15916
1.46392e-006 -3.83452e-007 -9.68681e-007 1.83836e-006
-3.83452e-007 1.44002e-006 -3.06137e-007 4.21848e-007
-9.68681e-007 -3.06137e-007 8.8677e-007 -1.57896e-006
1.83836e-006 4.21848e-007 -1.57896e-006 3.09502e-006
1689
0.842705 -0.300697 -0.446576 1.5765
4.25731e-007 3.58618e-008 6.27085e-007 -1.4217e-006
3.58618e-008 1.45328e-006 -7.55216e-007 1.36557e-006
6.27085e-007 -7.55216e-007 1.39914e-006 -2.94439e-006
-1.4217e-006 1.36557e-006 -2.94439e-006 6.38659e-006
1745
50285
<<<
3
0.842049 -0.275711 -0.463612 1.60551
5.99938e-007 -9.4225e-007 1.19403e-006 -2.52088e-006
-9.4225e-007 3.78786e-006 -2.80986e-006 5.63954e-006
1.19403e-006 -2.80986e-006 2.82974e-006 -5.82854e-006
-2.52088e-006 5.63954e-006 -5.82854e-006 1.21632e-005
1787
-0.031902 0.759862 -0.649301 1.60019
1.28033e-006 4.32167e-008 -4.644e-008 -1.4564e-007
4.32167e-008 2.3431e-007 2.2603e-007 -5.77671e-007
-4.644e-008 2.2603e-007 2.31906e-007 -5.4417e-007
-1.4564e-007 -5.77671e-007 -5.4417e-007 1.46926e-006
4272
-0.598327 -0.35809 -0.716782 2.16128
1.69043e-006 -4.89114e-007 -1.07854e-006 2.12098e-006
-4.89114e-007 1.25727e-006 -1.6861e-007 1.27171e-007
-1.07854e-006 -1.6861e-007 9.0855e-007 -1.65468e-006
2.12098e-006 1.27171e-007 -1.65468e-006 3.33565e-006
1696
50332
<<<
2
0.841192 -0.297109 -0.451798 1.58676
5.82257e-007 -2.09488e-008 8.56325e-007 -1.96859e-006
-2.09488e-008 1.80504e-006 -9.82619e-007 1.80607e-006
8.56325e-007 -9.82619e-007 1.79564e-006 -3.84767e-006
-1.96859e-006 1.80607e-006 -3.84767e-006 8.47617e-006
1793
-0.0297032 0.760007 -0.649236 1.60011
1.30208e-006 1.67956e-008 -6.5317e-008 -7.15922e-008
1.67956e-008 2.29002e-007 2.23116e-007 -5.65103e-007
-6.5317e-008 2.23116e-007 2.30651e-007 -5.37244e-007
-7.15922e-008 -5.65103e-007 -5.37244e-007 1.4408e-006
4308
50447
<<<
3
-0.598336 -0.35509 -0.718265 2.16394
1.63295e-006 -4.51897e-007 -1.04436e-006 2.08572e-006
-4.51897e-007 1.45048e-006 -2.59617e-007 3.15819e-007
-1.04436e-006 -2.59617e-007 9.09151e-007 -1.68824e-006
2.08572e-006 3.15819e-007 -1.68824e-006 3.41528e-006
1716
-0.0592054 0.761089 -0.64594 1.59423
9.91856e-007 1.702e-007 3.40789e-008 -5.25933e-007
1.702e-007 3.10837e-007 2.89453e-007 -7.62567e-007
3.40789e-008 2.89453e-007 2.91778e-007 -6.92697e-007
-5.25933e-007 -7.62567e-007 -6.92697e-007 1.91684e-006
3401
0.132306 0.716635 -0.684784 1.70548
7.15115e-006 -4.92991e-006 -2.57139e-006 9.65736e-006
-4.92991e-006 4.42435e-006 2.647e-006 -8.81774e-006
-2.57139e-006 2.647e-006 1.75144e-006 -5.47296e-006
9.65736e-006 -8.81774e-006 -5.47296e-006 1.82671e-005
1290
50495
<<<
3
0.843732 -0.298965 -0.445798 1.57433
3.23483e-007 -2.58452e-008 5.21547e-007 -1.13174e-006
-2.58452e-008 1.55083e-006 -8.78448e-007 1.65552e-006
5.21547e-007 -8.78448e-007 1.31667e-006 -2.69413e-006
-1.13174e-006 1.65552e-006 -2.69413e-006 5.66751e-006
1740
-0.0238119 0.759042 -0.650606 1.60355
1.39405e-006 -5.65878e-008 -1.15185e-007 1.35524e-007
-5.65878e-008 2.51113e-007 2.42606e-007 -6.18345e-007
-1.15185e-007 2.42606e-007 2.4695e-007 -5.84453e-007
1.35524e-007 -6.18345e-007 -5.84453e-007 1.57103e-006
4390
-0.599845 -0.351421 -0.718811 2.16344
1.56256e-006 -3.02732e-007 -1.06628e-006 2.02994e-006
-3.02732e-007 1.80186e-006 -4.79298e-007 7.42834e-007
-1.06628e-006 -4.79298e-007 1.01263e-006 -1.81789e-006
2.02994e-006 7.42834e-007 -1.81789e-006 3.57389e-006
1728
50525
<<<
2
-5.7377e-006 0.75698 -0.653438 1.60727
1.55917e-006 -2.92368e-007 -2.49008e-007 7.36566e-007
-2.92368e-007 2.55991e-007 2.33988e-007 -6.28605e-007
-2.49008e-007 2.33988e-007 2.26057e-007 -5.65873e-007
7.36566e-007 -6.28605e-007 -5.65873e-007 1.59653e-006
3880
0.844318 -0.303789 -0.441406 1.56589
3.04613e-007 7.33017e-008 4.48593e-007 -9.87065e-007
7.33017e-008 1.03904e-006 -4.97148e-007 8.9424e-007
4.48593e-007 -4.97148e-007 1.03499e-006 -2.13182e-006
-9.87065e-007 8.9424e-007 -2.13182e-006 4.54904e-006
1686
50574
<<<
3
-0.0236013 0.759178 -0.650455 1.60306
1.39223e-006 -6.09209e-008 -1.18368e-007 1.42745e-007
-6.09209e-008 2.42254e-007 2.34683e-007 -5.96696e-007
-1.18368e-007 2.34683e-007 2.3955e-007 -5.65095e-007
1.42745e-007 -5.96696e-007 -5.65095e-007 1.51676e-006
4394
0.839925 -0.307485 -0.447191 1.58078
9.46384e-007 3.32404e-007 1.13587e-006 -2.79487e-006
3.32404e-007 1.14152e-006 -2.30081e-007 1.70717e-007
1.13587e-006 -2.30081e-007 1.78731e-006 -4.09095e-006
-2.79487e-006 1.70717e-007 -4.09095e-006 9.66543e-006
1727
-0.598951 -0.356607 -0.717 2.16157
1.63718e-006 -4.72737e-007 -1.04426e-006 2.07235e-006
-4.72737e-007 1.39374e-006 -2.35831e-007 2.36843e-007
-1.04426e-006 -2.35831e-007 9.10261e-007 -1.66058e-006
2.07235e-006 2.36843e-007 -1.66058e-006 3.3501e-006
1705
50613
<<<
2
-0.597444 -0.35107 -0.720979 2.1678
1.75026e-006 -3.6042e-007 -1.15041e-006 2.28891e-006
-3.6042e-007 1.97933e-006 -5.02996e-007 7.38858e-007
-1.15041e-006 -5.02996e-007 1.06287e-006 -1.96023e-006
2.28891e-006 7.38858e-007 -1.96023e-006 3.93546e-006
1756
-0.0283098 0.759601 -0.649773 1.60112
1.31644e-006 3.2305e-009 -7.34006e-008 -2.86774e-008
3.2305e-009 2.29437e-007 2.23536e-007 -5.65333e-007
-7.34006e-008 2.23536e-007 2.3062e-007 -5.37654e-007
-2.86774e-008 -5.65333e-007 -5.37654e-007 1.43963e-006
4332
50674
<<<
2
-0.596849 -0.360947 -0.716581 2.16144
1.89777e-006 -6.10318e-007 -1.14404e-006 2.37173e-006
-6.10318e-007 1.02041e-006 -3.58705e-009 -2.14984e-007
-1.14404e-006 -3.58705e-009 8.74474e-007 -1.66047e-006
2.37173e-006 -2.14984e-007 -1.66047e-006 3.50091e-006
1676
-0.0227258 0.759554 -0.650047 1.60233
1.39801e-006 -8.95794e-008 -1.42528e-007 2.15241e-007
-8.95794e-008 2.36277e-007 2.31497e-007 -5.82429e-007
-1.42528e-007 2.31497e-007 2.39101e-007 -5.57162e-007
2.15241e-007 -5.82429e-007 -5.57162e-007 1.48391e-006
4381
50695
<<<
3
-1.47738e-005 0.757127 -0.653268 1.6067
1.5495e-006 -2.85269e-007 -2.41346e-007 7.21338e-007
-2.85269e-007 2.38612e-007 2.18868e-007 -5.8399e-007
-2.41346e-007 2.18868e-007 2.12908e-007 -5.26868e-007
7.21338e-007 -5.8399e-007 -5.26868e-007 1.4811e-006
3873
0.842954 -0.300085 -0.446516 1.57602
3.81996e-007 7.0043e-009 5.86427e-007 -1.30613e-006
7.0043e-009 1.46876e-006 -7.96149e-007 1.47381e-006
5.86427e-007 -7.96149e-007 1.36694e-006 -2.84881e-006
-1.30613e-006 1.47381e-006 -2.84881e-006 6.11622e-006
1745
-0.603043 -0.346927 -0.718318 2.16177
1.30534e-006 -1.45408e-007 -9.57082e-007 1.72425e-006
-1.45408e-007 2.14433e-006 -6.82132e-007 1.17268e-006
-9.57082e-007 -6.82132e-007 1.00688e-006 -1.76609e-006
1.72425e-006 1.17268e-006 -1.76609e-006 3.32461e-006
1710
50745
<<<
2
-0.0110241 0.759589 -0.65031 1.60095
1.48427e-006 -2.57233e-007 -2.50699e-007 6.42478e-007
-2.57233e-007 2.09583e-007 2.0029e-007 -5.13334e-007
-2.50699e-007 2.0029e-007 2.03386e-007 -4.80899e-007
6.42478e-007 -5.13334e-007 -4.80899e-007 1.30582e-006
4252
-0.589024 -0.367907 -0.719511 2.16714
2.34531e-006 -7.37145e-007 -1.31584e-006 2.96997e-006
-7.37145e-007 8.77167e-007 1.00529e-007 -5.34746e-007
-1.31584e-006 1.00529e-007 9.18906e-007 -1.85111e-006
2.96997e-006 -5.34746e-007 -1.85111e-006 4.1965e-006
1530
50774
<<<
1
-0.0345992 0.76019 -0.648778 1.59879
1.2413e-006 6.95964e-008 -2.95488e-008 -2.21075e-007
6.95964e-008 2.28164e-007 2.17334e-007 -5.63289e-007
-2.95488e-008 2.17334e-007 2.21898e-007 -5.24166e-007
-2.21075e-007 -5.63289e-007 -5.24166e-007 1.43159e-006
4212
50804
<<<
3
-0.600237 -0.353271 -0.717576 2.16167
1.47012e-006 -3.54935e-007 -9.82686e-007 1.88804e-006
-3.54935e-007 1.61033e-006 -3.80415e-007 5.51503e-007
-9.82686e-007 -3.80415e-007 9.19435e-007 -1.65649e-006
1.88804e-006 5.51503e-007 -1.65649e-006 3.24987e-006
1712
0.843032 -0.298038 -0.447739 1.57831
4.10232e-007 -2.89396e-008 6.42603e-007 -1.43456e-006
-2.89396e-008 1.54252e-006 -8.67438e-007 1.6146e-006
6.42603e-007 -8.67438e-007 1.47072e-006 -3.07986e-006
-1.43456e-006 1.6146e-006 -3.07986e-006 6.63753e-006
1759
0.00333353 0.756022 -0.654538 1.6089
1.5472e-006 -3.17664e-007 -2.52819e-007 8.10408e-007
-3.17664e-007 2.76465e-007 2.45547e-007 -6.80515e-007
-2.52819e-007 2.45547e-007 2.29748e-007 -5.97858e-007
8.10408e-007 -6.80515e-007 -5.97858e-007 1.72871e-006
3817
50845
<<<
3
-0.0178522 0.759721 -0.650004 1.60163
1.46678e-006 -1.88534e-007 -2.16033e-007 4.55977e-007
-1.88534e-007 2.17287e-007 2.1303e-007 -5.33912e-007
-2.16033e-007 2.1303e-007 2.21116e-007 -5.11012e-007
4.55977e-007 -5.33912e-007 -5.11012e-007 1.36028e-006
4381
-0.597103 -0.351275 -0.721162 2.16818
1.71344e-006 -4.20314e-007 -1.08442e-006 2.19899e-006
-4.20314e-007 2.04129e-006 -4.8667e-007 7.03159e-007
-1.08442e-006 -4.8667e-007 9.98123e-007 -1.86023e-006
2.19899e-006 7.03159e-007 -1.86023e-006 3.78631e-006
1763
0.844819 -0.296231 -0.445564 1.5731
3.94984e-007 1.88939e-008 6.07735e-007 -1.32595e-006
1.88939e-008 1.55477e-006 -8.93963e-007 1.59485e-006
6.07735e-007 -8.93963e-007 1.53938e-006 -3.09183e-006
-1.32595e-006 1.59485e-006 -3.09183e-006 6.42817e-006
1691
50874
<<<
3
-0.0407835 0.760333 -0.648251 1.59758
1.18635e-006 1.09769e-007 -7.31277e-009 -3.42321e-007
1.09769e-007 2.51885e-007 2.3582e-007 -6.17962e-007
-7.31277e-009 2.3582e-007 2.38527e-007 -5.6505e-007
-3.42321e-007 -6.17962e-007 -5.6505e-007 1.55829e-006
4037
0.844595 -0.294021 -0.447449 1.57627
3.05147e-007 -3.97113e-008 4.92786e-007 -1.11122e-006
-3.97113e-008 1.3799e-006 -7.85062e-007 1.44128e-006
4.92786e-007 -7.85062e-007 1.19098e-006 -2.48753e-006
-1.11122e-006 1.44128e-006 -2.48753e-006 5.3733e-006
1742
-0.599382 -0.356471 -0.716707 2.16196
1.68577e-006 -4.57791e-007 -1.08999e-006 2.1468e-006
-4.57791e-007 1.48015e-006 -2.69332e-007 3.30035e-007
-1.08999e-006 -2.69332e-007 9.55061e-007 -1.75181e-006
2.1468e-006 3.30035e-007 -1.75181e-006 3.51402e-006
1716
50905
<<<
3
-0.603235 -0.349891 -0.716718 2.15994
1.33237e-006 -2.00061e-007 -9.56013e-007 1.74751e-006
-2.00061e-007 1.86937e-006 -5.65566e-007 9.4317e-007
-9.56013e-007 -5.65566e-007 9.70663e-007 -1.7108e-006
1.74751e-006 9.4317e-007 -1.7108e-006 3.25225e-006
1694
0.0215286 0.752017 -0.658792 1.61766
1.85124e-006 -5.91773e-007 -3.97869e-007 1.46163e-006
-5.91773e-007 4.54354e-007 3.51238e-007 -1.07966e-006
-3.97869e-007 3.51238e-007 2.87027e-007 -8.37875e-007
1.46163e-006 -1.07966e-006 -8.37875e-007 2.63697e-006
3468
0.844708 -0.294045 -0.44722 1.57572
3.19936e-007 -2.5889e-008 5.06774e-007 -1.14949e-006
-2.5889e-008 1.32843e-006 -7.45848e-007 1.34723e-006
5.06774e-007 -7.45848e-007 1.19387e-006 -2.50004e-006
-1.14949e-006 1.34723e-006 -2.50004e-006 5.41847e-006
1738
51044
<<<
3
0.842587 -0.281919 -0.458878 1.59734
4.48019e-007 -5.03058e-007 8.55188e-007 -1.85586e-006
-5.03058e-007 2.79724e-006 -1.91938e-006 3.75797e-006
8.55188e-007 -1.91938e-006 2.08942e-006 -4.33478e-006
-1.85586e-006 3.75797e-006 -4.33478e-006 9.17243e-006
1845
-0.0110169 0.758745 -0.651295 1.60346
1.49396e-006 -2.55041e-007 -2.47443e-007 6.38163e-007
-2.55041e-007 2.37396e-007 2.24728e-007 -5.84485e-007
-2.47443e-007 2.24728e-007 2.24963e-007 -5.43297e-007
6.38163e-007 -5.84485e-007 -5.43297e-007 1.48772e-006
4274
-0.600293 -0.340909 -0.723484 2.16964
1.48896e-006 1.49876e-007 -1.15276e-006 2.14454e-006
1.49876e-007 3.05777e-006 -1.13704e-006 1.9897e-006
-1.15276e-006 -1.13704e-006 1.25835e-006 -2.26085e-006
2.14454e-006 1.9897e-006 -2.26085e-006 4.3183e-006
1765
51065
<<<
3
-0.0340217 0.759842 -0.649217 1.59995
1.26154e-006 6.8574e-008 -2.88582e-008 -2.12682e-007
6.8574e-008 2.40166e-007 2.28138e-007 -5.91319e-007
-2.88582e-008 2.28138e-007 2.31408e-007 -5.49407e-007
-2.12682e-007 -5.91319e-007 -5.49407e-007 1.49714e-006
4236
-0.599236 -0.357654 -0.71624 2.16013
1.63405e-006 -4.87282e-007 -1.03986e-006 2.05733e-006
-4.87282e-007 1.30669e-006 -1.93907e-007 1.50322e-007
-1.03986e-006 -1.93907e-007 8.93979e-007 -1.62275e-006
2.05733e-006 1.50322e-007 -1.62275e-006 3.26466e-006
1693
0.83931 -0.304937 -0.45008 1.58557
1.29502e-006 4.70047e-007 1.45598e-006 -3.70241e-006
4.70047e-007 9.03619e-007 7.94197e-008 -5.55236e-007
1.45598e-006 7.94197e-008 1.95182e-006 -4.69248e-006
-3.70241e-006 -5.55236e-007 -4.69248e-006 1.15842e-005
1718
51120
<<<
3
-0.601991 -0.354201 -0.715645 2.15809
1.38031e-006 -3.68731e-007 -9.24062e-007 1.73158e-006
-3.68731e-007 1.41023e-006 -2.96325e-007 4.29286e-007
-9.24062e-007 -2.96325e-007 8.53454e-007 -1.51567e-006
1.73158e-006 4.29286e-007 -1.51567e-006 2.93943e-006
1677
-0.0236032 0.759264 -0.650354 1.60248
1.37901e-006 -6.34106e-008 -1.17503e-007 1.52563e-007
-6.34106e-008 2.33191e-007 2.26925e-007 -5.75769e-007
-1.17503e-007 2.26925e-007 2.32628e-007 -5.47374e-007
1.52563e-007 -5.75769e-007 -5.47374e-007 1.46918e-006
4382
0.843701 -0.296246 -0.447669 1.57714
4.23534e-007 4.51019e-008 6.10843e-007 -1.43436e-006
4.51019e-008 1.21983e-006 -6.04284e-007 1.03406e-006
6.10843e-007 -6.04284e-007 1.26813e-006 -2.73691e-006
-1.43436e-006 1.03406e-006 -2.73691e-006 6.12177e-006
1739
51145
<<<
2
-0.0347134 0.760521 -0.648385 1.59786
1.22463e-006 6.32497e-008 -3.48981e-008 -2.0906e-007
6.32497e-008 2.22341e-007 2.14165e-007 -5.47315e-007
-3.48981e-008 2.14165e-007 2.21213e-007 -5.14203e-007
-2.0906e-007 -5.47315e-007 -5.14203e-007 1.38892e-006
4189
0.844436 -0.30031 -0.443556 1.56949
2.77123e-007 -1.51614e-009 4.47208e-007 -9.61783e-007
-1.51614e-009 1.34998e-006 -7.44986e-007 1.39057e-006
4.47208e-007 -7.44986e-007 1.14959e-006 -2.33279e-006
-9.61783e-007 1.39057e-006 -2.33279e-006 4.87617e-006
1717
51175
<<<
3
0.843611 -0.299906 -0.445395 1.57368
3.41373e-007 -9.89721e-010 5.38684e-007 -1.17972e-006
-9.89721e-010 1.42376e-006 -7.81334e-007 1.45396e-006
5.38684e-007 -7.81334e-007 1.29889e-006 -2.67683e-006
-1.17972e-006 1.45396e-006 -2.67683e-006 5.6772e-006
1735
-0.0179851 0.759142 -0.650676 1.6035
1.47397e-006 -1.84232e-007 -2.12609e-007 4.4735e-007
-1.84232e-007 2.45881e-007 2.37497e-007 -6.05953e-007
-2.12609e-007 2.37497e-007 2.42044e-007 -5.72639e-007
4.4735e-007 -6.05953e-007 -5.72639e-007 1.54049e-006
4398
-0.602434 -0.347915 -0.718352 2.16151
1.3583e-006 -1.79695e-007 -9.83751e-007 1.78331e-006
-1.79695e-007 2.01364e-006 -6.19154e-007 1.04114e-006
-9.83751e-007 -6.19154e-007 1.00801e-006 -1.76508e-006
1.78331e-006 1.04114e-006 -1.76508e-006 3.34267e-006
1707
51261
<<<
2
-0.0185992 0.759557 -0.650175 1.60211
1.44776e-006 -1.64567e-007 -1.94816e-007 4.04791e-007
-1.64567e-007 2.21216e-007 2.16732e-007 -5.45668e-007
-1.94816e-007 2.16732e-007 2.24138e-007 -5.22031e-007
4.04791e-007 -5.45668e-007 -5.22031e-007 1.39288e-006
4385
0.840724 -0.292437 -0.455702 1.59403
5.90395e-007 -2.19189e-007 9.45955e-007 -2.12119e-006
-2.19189e-007 2.48795e-006 -1.50739e-006 2.86092e-006
9.45955e-007 -1.50739e-006 2.11846e-006 -4.46104e-006
-2.12119e-006 2.86092e-006 -4.46104e-006 9.62598e-006
1833
51289
<<<
3
-0.599821 -0.355607 -0.716769 2.16052
1.52453e-006 -4.18747e-007 -9.91001e-007 1.92283e-006
-4.18747e-007 1.42525e-006 -2.75358e-007 3.5215e-007
-9.91001e-007 -2.75358e-007 8.85471e-007 -1.60128e-006
1.92283e-006 3.5215e-007 -1.60128e-006 3.19067e-006
1693
-0.0220337 0.759292 -0.650377 1.60254
1.38755e-006 -9.10657e-008 -1.39272e-007 2.22106e-007
-9.10657e-008 2.33352e-007 2.27399e-007 -5.77819e-007
-1.39272e-007 2.27399e-007 2.33377e-007 -5.50004e-007
2.22106e-007 -5.77819e-007 -5.50004e-007 1.47995e-006
4391
0.842676 -0.302031 -0.445729 1.57518
4.42998e-007 6.10518e-008 6.40127e-007 -1.4595e-006
6.10518e-008 1.34754e-006 -6.69341e-007 1.19902e-006
6.40127e-007 -6.69341e-007 1.37712e-006 -2.91895e-006
-1.4595e-006 1.19902e-006 -2.91895e-006 6.38403e-006
1737
51314
<<<
3
-0.0188457 0.759886 -0.649783 1.60121
1.43848e-006 -1.63929e-007 -1.95372e-007 4.03095e-007
-1.63929e-007 2.08184e-007 2.05895e-007 -5.1373e-007
-1.95372e-007 2.05895e-007 2.15315e-007 -4.95233e-007
4.03095e-007 -5.1373e-007 -4.95233e-007 1.31541e-006
4376
-0.59785 -0.352801 -0.719796 2.16566
1.64209e-006 -3.72821e-007 -1.07533e-006 2.13122e-006
-3.72821e-007 1.80637e-006 -4.36911e-007 6.26193e-007
-1.07533e-006 -4.36911e-007 9.90027e-007 -1.82001e-006
2.13122e-006 6.26193e-007 -1.82001e-006 3.65227e-006
1740
0.840557 -0.296313 -0.4535 1.59059
6.59689e-007 -5.96188e-008 9.69185e-007 -2.23939e-006
-5.96188e-008 1.99323e-006 -1.11068e-006 2.06113e-006
9.69185e-007 -1.11068e-006 1.98928e-006 -4.29179e-006
-2.23939e-006 2.06113e-006 -4.29179e-006 9.50264e-006
1811
51349
<<<
2
-0.0339271 0.759908 -0.649144 1.59952
1.25824e-006 6.4151e-008 -3.49797e-008 -2.06623e-007
6.4151e-008 2.33996e-007 2.23668e-007 -5.76392e-007
-3.49797e-008 2.23668e-007 2.28872e-007 -5.38028e-007
-2.06623e-007 -5.76392e-007 -5.38028e-007 1.46259e-006
4230
-0.59694 -0.350939 -0.72146 2.16888
1.73704e-006 -3.73669e-007 -1.12554e-006 2.26112e-006
-3.73669e-007 2.11946e-006 -5.46004e-007 8.05507e-007
-1.12554e-006 -5.46004e-007 1.05517e-006 -1.95176e-006
2.26112e-006 8.05507e-007 -1.95176e-006 3.93318e-006
1766
51378
<<<
3
0.842867 -0.29931 -0.4472 1.57756
3.78032e-007 -2.65972e-008 5.93748e-007 -1.32522e-006
-2.65972e-008 1.60541e-006 -9.09e-007 1.68687e-006
5.93748e-007 -9.09e-007 1.42679e-006 -2.96823e-006
-1.32522e-006 1.68687e-006 -2.96823e-006 6.3553e-006
1757
-0.596074 -0.348317 -0.723444 2.17172
1.75493e-006 -2.76858e-007 -1.16793e-006 2.32436e-006
-2.76858e-007 2.45216e-006 -7.02512e-007 1.10969e-006
-1.16793e-006 -7.02512e-007 1.12703e-006 -2.08089e-006
2.32436e-006 1.10969e-006 -2.08089e-006 4.1681e-006
1786
-0.0402533 0.760114 -0.648541 1.59808
1.20283e-006 1.21561e-007 3.74677e-009 -3.65575e-007
1.21561e-007 2.5494e-007 2.36399e-007 -6.26017e-007
3.74677e-009 2.36399e-007 2.3693e-007 -5.67953e-007
-3.65575e-007 -6.26017e-007 -5.67953e-007 1.57842e-006
4065
51416
<<<
3
0.842152 -0.283436 -0.458743 1.59783
4.70269e-007 -6.27606e-007 9.3942e-007 -1.98567e-006
-6.27606e-007 3.16868e-006 -2.23995e-006 4.42178e-006
9.3942e-007 -2.23995e-006 2.3558e-006 -4.82203e-006
-1.98567e-006 4.42178e-006 -4.82203e-006 1.00257e-005
1842
-0.0394044 0.757762 -0.65134 1.60535
1.28934e-006 2.03352e-007 7.27829e-008 -5.35464e-007
2.03352e-007 3.81931e-007 3.36505e-007 -9.21312e-007
7.27829e-008 3.36505e-007 3.14991e-007 -8.02313e-007
-5.35464e-007 -9.21312e-007 -8.02313e-007 2.26537e-006
4211
-0.599363 -0.353713 -0.718088 2.16258
1.44628e-006 -3.47495e-007 -9.65033e-007 1.8698e-006
-3.47495e-007 1.54009e-006 -3.64049e-007 5.1984e-007
-9.65033e-007 -3.64049e-007 8.9995e-007 -1.63058e-006
1.8698e-006 5.1984e-007 -1.63058e-006 3.21898e-006
1711
51445
<<<
3
0.844012 -0.299068 -0.4452 1.57324
3.20483e-007 -2.01746e-008 5.13423e-007 -1.11878e-006
-2.01746e-008 1.54311e-006 -8.67099e-007 1.62385e-006
5.13423e-007 -8.67099e-007 1.29877e-006 -2.65802e-006
-1.11878e-006 1.62385e-006 -2.65802e-006 5.59695e-006
1740
-0.0336597 0.759592 -0.649529 1.60025
1.2565e-006 7.4246e-008 -2.43989e-008 -2.27421e-007
