1
-0.0678632 2.50634 -0.981549 2.50634
0.0068 -0.00218339 -0.000951484 0.000403897
-0.00218339 0.0022894 0.000520223 -0.00055151
-0.000951484 0.000520223 0.000194378 -6.51423e-005
0.000403897 -0.00055151 -6.51423e-005 0.000666849
3731
37678
<<<
1
-0.0349902 2.51222 -0.983902 2.51222
0.00816318 -0.00264241 -0.000631283 0.00161105
-0.00264241 0.00234158 0.000426548 -0.000779376
-0.000631283 0.000426548 0.000112837 -0.00010448
0.00161105 -0.000779376 -0.00010448 0.000984627
4281
37718
<<<
2
-0.000723826 2.51991 -0.986836 2.51991
0.00797762 -0.00180202 -2.99055e-005 0.00238003
-0.00180202 0.00227432 0.000151086 -0.000604138
-2.99055e-005 0.000151086 4.18237e-005 1.07738e-005
0.00238003 -0.000604138 1.07738e-005 0.00123026
3899
-0.228997 2.50985 -0.947294 2.50985
0.00573684 -0.000541255 -0.00174032 -0.00074238
-0.000541255 0.000998534 0.000348763 -0.000297523
-0.00174032 0.000348763 0.000584916 0.000119011
-0.00074238 -0.000297523 0.000119011 0.000657017
1178
37752
<<<
1
-0.00631024 2.51704 -0.986068 2.51704
0.00801722 -0.00174439 -8.97207e-005 0.00232126
-0.00174439 0.00217104 0.000265234 -0.000914665
-8.97207e-005 0.000265234 6.10409e-005 -6.49536e-005
0.00232126 -0.000914665 -6.49536e-005 0.00149095
4052
37788
<<<
1
-0.0232616 2.51514 -0.984381 2.51514
0.00874694 -0.00239648 -0.000440102 0.00206619
-0.00239648 0.00248716 0.000386413 -0.000928903
-0.000440102 0.000386413 9.47591e-005 -0.000103458
0.00206619 -0.000928903 -0.000103458 0.00127981
4354
37850
<<<
2
-0.0998841 2.4997 -0.975641 2.4997
0.00808908 -0.00230046 -0.00151537 -0.00041202
-0.00230046 0.00174356 0.000640472 -0.000338697
-0.00151537 0.000640472 0.000355103 2.78815e-005
-0.00041202 -0.000338697 2.78815e-005 0.000914713
3878
0.111711 2.55779 -0.986411 2.55779
0.0030311 3.6795e-005 0.000427109 0.0013495
3.6795e-005 0.00175657 0.000146986 4.00234e-006
0.000427109 0.000146986 8.14067e-005 0.000163125
0.0013495 4.00234e-006 0.000163125 0.000949509
1251
37889
<<<
1
-0.050936 2.50863 -0.982528 2.50863
0.00779281 -0.00244908 -0.000836291 0.00101689
-0.00244908 0.00194308 0.000464969 -0.000651853
-0.000836291 0.000464969 0.000156224 -0.000109018
0.00101689 -0.000651853 -0.000109018 0.00083648
4018
37918
<<<
2
0.00623921 2.51916 -0.986887 2.51916
0.00733427 -0.00167983 8.07912e-006 0.00242344
-0.00167983 0.00191875 0.000192761 -0.000864718
8.07912e-006 0.000192761 4.71251e-005 -2.61732e-005
0.00242344 -0.000864718 -2.61732e-005 0.00138162
3689
-0.192638 2.49996 -0.957054 2.49996
0.00528366 -0.000912002 -0.00125278 -0.00179684
-0.000912002 0.00117125 0.000447703 -0.00019236
-0.00125278 0.000447703 0.000372228 0.000239722
-0.00179684 -0.00019236 0.000239722 0.00153526
1354
37948
<<<
1
-0.0282824 2.51398 -0.984207 2.51398
0.00869753 -0.00259288 -0.000545385 0.00188508
-0.00259288 0.00235789 0.000375295 -0.000821015
-0.000545385 0.000375295 9.4379e-005 -9.32671e-005
0.00188508 -0.000821015 -9.32671e-005 0.00117388
4347
37989
<<<
2
0.0834861 2.54658 -0.9869 2.54658
0.00543508 -0.000924042 0.000534516 0.00213889
-0.000924042 0.00191868 0.000103379 -0.000406419
0.000534516 0.000103379 9.58867e-005 0.000179802
0.00213889 -0.000406419 0.000179802 0.00126227
1808
-0.086242 2.49746 -0.980771 2.49746
0.00386364 -0.00129854 -0.000545595 -0.000166026
-0.00129854 0.00207467 0.000431403 -0.000451612
-0.000545595 0.000431403 0.000131892 -5.65262e-005
-0.000166026 -0.000451612 -5.65262e-005 0.000588542
2760
38019
<<<
1
-0.089507 2.50047 -0.977416 2.50047
0.00796045 -0.00216494 -0.00131437 -0.000149917
-0.00216494 0.00199794 0.000593113 -0.000484931
-0.00131437 0.000593113 0.000287037 -1.8885e-005
-0.000149917 -0.000484931 -1.8885e-005 0.000990431
4029
38048
<<<
1
-0.0463772 2.50964 -0.983112 2.50964
0.00773804 -0.00249438 -0.000788876 0.00107675
-0.00249438 0.00224305 0.000468123 -0.00066383
-0.000788876 0.000468123 0.000143949 -0.000104736
0.00107675 -0.00066383 -0.000104736 0.000849319
4153
38088
<<<
2
0.0485441 2.53375 -0.987802 2.53375
0.00627487 -0.00147763 0.000358492 0.00244547
-0.00147763 0.00169828 6.47333e-005 -0.000560511
0.000358492 6.47333e-005 5.82639e-005 0.000133696
0.00244547 -0.000560511 0.000133696 0.00124676
2625
-0.175436 2.50094 -0.962268 2.50094
0.00623789 -0.00159164 -0.00171277 -0.000976874
-0.00159164 0.00171147 0.000663294 -0.000262473
-0.00171277 0.000663294 0.0005323 0.000145169
-0.000976874 -0.000262473 0.000145169 0.000763661
2121
38119
<<<
1
-0.0275036 2.51307 -0.984107 2.51307
0.0084693 -0.00248601 -0.000526158 0.00179978
-0.00248601 0.00221871 0.000376735 -0.000871074
-0.000526158 0.000376735 9.72194e-005 -0.000116355
0.00179978 -0.000871074 -0.000116355 0.00122078
4305
38147
<<<
2
0.0436502 2.53198 -0.987523 2.53198
0.00689811 -0.00128045 0.000408981 0.0026949
-0.00128045 0.00184029 9.37014e-005 -0.000521054
0.000408981 9.37014e-005 6.41247e-005 0.000167188
0.0026949 -0.000521054 0.000167188 0.00143834
2839
-0.123428 2.496 -0.97453 2.496
0.00282496 -0.000780296 -0.000480514 -0.000754876
-0.000780296 0.00184207 0.000469914 -0.000403731
-0.000480514 0.000469914 0.000161227 -7.87511e-006
-0.000754876 -0.000403731 -7.87511e-006 0.000728934
1688
38188
<<<
1
-0.0391467 2.51106 -0.984121 2.51106
0.00785038 -0.00230335 -0.000662275 0.00111133
-0.00230335 0.00239096 0.000385133 -0.000527475
-0.000662275 0.000385133 0.000109868 -5.46927e-005
0.00111133 -0.000527475 -5.46927e-005 0.000835032
4164
38217
<<<
1
-0.03424 2.51087 -0.984161 2.51087
0.00783124 -0.00243546 -0.000591485 0.00139176
-0.00243546 0.00228998 0.000412349 -0.000655784
-0.000591485 0.000412349 0.000108987 -9.1185e-005
0.00139176 -0.000655784 -9.1185e-005 0.000947985
4225
38248
<<<
1
-0.044828 2.50893 -0.983622 2.50893
0.00746196 -0.00235836 -0.000725556 0.000963042
-0.00235836 0.00233742 0.000455837 -0.000575923
-0.000725556 0.000455837 0.000132086 -8.31866e-005
0.000963042 -0.000575923 -8.31866e-005 0.000885345
4105
38288
<<<
1
0.0388293 2.52995 -0.987311 2.52995
0.00734448 -0.0015101 0.000390034 0.00288364
-0.0015101 0.00176894 9.25283e-005 -0.000601559
0.000390034 9.25283e-005 6.31379e-005 0.000159627
0.00288364 -0.000601559 0.000159627 0.00151097
2961
38318
<<<
1
-0.032456 2.5112 -0.984148 2.5112
0.00801389 -0.00241888 -0.000576366 0.00147944
-0.00241888 0.00219573 0.000408992 -0.000685639
-0.000576366 0.000408992 0.000108252 -0.000103249
0.00147944 -0.000685639 -0.000103249 0.000990135
4202
38358
<<<
2
-0.212077 2.51003 -0.952766 2.51003
0.00685359 -0.00111457 -0.00208532 -0.000903767
-0.00111457 0.00120905 0.00048837 -0.000145766
-0.00208532 0.00048837 0.000677006 0.000195598
-0.000903767 -0.000145766 0.000195598 0.000615592
1445
0.0819782 2.54536 -0.986603 2.54536
0.00608737 -0.000946661 0.00059394 0.00260271
-0.000946661 0.0018295 8.56974e-005 -0.000371419
0.00059394 8.56974e-005 9.80833e-005 0.000254988
0.00260271 -0.000371419 0.000254988 0.00152252
1916
38388
<<<
1
-0.0286326 2.51157 -0.984523 2.51157
0.00811152 -0.00230862 -0.000486423 0.00159824
-0.00230862 0.00227412 0.000387331 -0.000674568
-0.000486423 0.000387331 9.70036e-005 -8.68064e-005
0.00159824 -0.000674568 -8.68064e-005 0.00109414
4217
38418
<<<
2
0.0297492 2.52645 -0.987433 2.52645
0.00744824 -0.00142011 0.000330783 0.00286776
-0.00142011 0.00187212 0.000101927 -0.000647875
0.000330783 0.000101927 5.50413e-005 0.000137137
0.00286776 -0.000647875 0.000137137 0.0015327
3225
-0.182192 2.50156 -0.959712 2.50156
0.0069436 -0.00140613 -0.0018606 -0.00134913
-0.00140613 0.00135504 0.000582773 -0.000138255
-0.0018606 0.000582773 0.000558348 0.000246239
-0.00134913 -0.000138255 0.000246239 0.000891634
1853
38460
<<<
1
-0.0410242 2.50945 -0.983633 2.50945
0.00784441 -0.00241372 -0.000704297 0.00117635
-0.00241372 0.00215897 0.000435767 -0.000607566
-0.000704297 0.000435767 0.000127569 -9.3834e-005
0.00117635 -0.000607566 -9.3834e-005 0.000907514
4135
38489
<<<
1
-0.0373632 2.51056 -0.983706 2.51056
0.00813993 -0.00246978 -0.000668354 0.00133155
-0.00246978 0.00219994 0.000424935 -0.000652946
-0.000668354 0.000424935 0.000120459 -9.49191e-005
0.00133155 -0.000652946 -9.49191e-005 0.000925235
4214
38518
<<<
1
-0.0301838 2.51106 -0.984452 2.51106
0.00785086 -0.00239159 -0.000527233 0.00153507
-0.00239159 0.00224206 0.000398243 -0.000678359
-0.000527233 0.000398243 0.000101228 -9.57258e-005
0.00153507 -0.000678359 -9.57258e-005 0.00102982
4196
38557
<<<
2
-0.113014 2.49536 -0.972754 2.49536
0.00816616 -0.00200726 -0.00163029 -0.00100706
-0.00200726 0.00162617 0.00065956 -0.000434984
-0.00163029 0.00065956 0.000413116 4.63644e-005
-0.00100706 -0.000434984 4.63644e-005 0.0013825
3277
0.0955615 2.5484 -0.986849 2.5484
0.00427826 5.16099e-005 0.000500451 0.00223512
5.16099e-005 0.00171606 0.000176632 2.84616e-006
0.000500451 0.000176632 8.99595e-005 0.000227231
0.00223512 2.84616e-006 0.000227231 0.00164243
1535
38588
<<<
1
-0.031896 2.51101 -0.983922 2.51101
0.00818664 -0.00238987 -0.000562624 0.0016503
-0.00238987 0.00183405 0.000367857 -0.000687517
-0.000562624 0.000367857 0.000103529 -0.000103005
0.0016503 -0.000687517 -0.000103005 0.00102245
4114
38619
<<<
1
-0.0368814 2.51009 -0.984007 2.51009
0.00804005 -0.00245128 -0.00065688 0.00134991
-0.00245128 0.00222462 0.000406971 -0.000544775
-0.00065688 0.000406971 0.000112921 -8.06076e-005
0.00134991 -0.000544775 -8.06076e-005 0.000920485
4232
38657
<<<
2
0.0495392 2.53267 -0.98725 2.53267
0.00683823 -0.00128879 0.000456719 0.00273545
-0.00128879 0.00167856 0.00011116 -0.00061478
0.000456719 0.00011116 7.8693e-005 0.000166164
0.00273545 -0.00061478 0.000166164 0.00153022
2648
-0.14649 2.49354 -0.967857 2.49354
0.00725238 -0.00176595 -0.00157764 -0.00183976
-0.00176595 0.00209914 0.00068838 -0.000352072
-0.00157764 0.00068838 0.000433092 0.000196881
-0.00183976 -0.000352072 0.000196881 0.00158728
2412
38688
<<<
1
-0.0559263 2.50709 -0.982751 2.50709
0.00694966 -0.00223817 -0.000825327 0.000602914
-0.00223817 0.00224769 0.000495454 -0.000564576
-0.000825327 0.000495454 0.000162066 -8.71094e-005
0.000602914 -0.000564576 -8.71094e-005 0.00072618
3878
38801
<<<
1
-0.0654475 2.50522 -0.981815 2.50522
0.00697061 -0.00211796 -0.000962787 0.000449243
-0.00211796 0.00215044 0.000508128 -0.000484024
-0.000962787 0.000508128 0.000198489 -7.20827e-005
0.000449243 -0.000484024 -7.20827e-005 0.000686768
3733
38814
<<<
1
-0.0442425 2.50872 -0.983553 2.50872
0.00741757 -0.00234663 -0.000729888 0.000982093
-0.00234663 0.00233197 0.000457156 -0.000573068
-0.000729888 0.000457156 0.000133652 -8.57114e-005
0.000982093 -0.000573068 -8.57114e-005 0.000781952
4097
38907
<<<
1
-0.0577737 2.50684 -0.982637 2.50684
0.00678499 -0.00212354 -0.000816077 0.000598012
-0.00212354 0.00203508 0.000452901 -0.000464854
-0.000816077 0.000452901 0.000155927 -6.40866e-005
0.000598012 -0.000464854 -6.40866e-005 0.000651076
3802
38958
<<<
1
-0.0368339 2.50997 -0.983929 2.50997
0.00777717 -0.00254758 -0.000659423 0.00131889
-0.00254758 0.002362 0.000439594 -0.000651351
-0.000659423 0.000439594 0.000118953 -9.83337e-005
0.00131889 -0.000651351 -9.83337e-005 0.00094776
4211
38972
<<<
1
-0.0482116 2.50805 -0.983529 2.50805
0.00726755 -0.00240673 -0.000773164 0.000871023
-0.00240673 0.00222887 0.000464228 -0.000489011
-0.000773164 0.000464228 0.000141578 -8.12355e-005
0.000871023 -0.000489011 -8.12355e-005 0.000788377
4042
39051
<<<
2
-0.198801 2.50454 -0.955967 2.50454
0.00721718 -0.00153173 -0.00223128 -0.000847191
-0.00153173 0.00174947 0.000693968 -0.000328318
-0.00223128 0.000693968 0.000751852 0.000122002
-0.000847191 -0.000328318 0.000122002 0.000964886
1715
0.0277202 2.52508 -0.988021 2.52508
0.00619423 -0.00126807 0.000166135 0.00241941
-0.00126807 0.00155995 0.000127027 -0.000499569
0.000166135 0.000127027 3.8852e-005 7.11107e-005
0.00241941 -0.000499569 7.11107e-005 0.00132001
2933
39094
<<<
2
0.00720107 2.51939 -0.986572 2.51939
0.00846713 -0.00178079 0.000106522 0.00270102
-0.00178079 0.00195477 0.000147468 -0.000715219
0.000106522 0.000147468 5.07543e-005 5.45487e-005
0.00270102 -0.000715219 5.45487e-005 0.00152271
3833
-0.219052 2.50824 -0.950104 2.50824
0.00575145 -0.000769687 -0.00173742 -0.000872266
-0.000769687 0.00110009 0.000418898 -0.000252858
-0.00173742 0.000418898 0.00057864 0.000156907
-0.000872266 -0.000252858 0.000156907 0.000760248
1243
39118
<<<
1
-0.0297314 2.51074 -0.984372 2.51074
0.0080275 -0.00237443 -0.000523351 0.00151813
-0.00237443 0.00233611 0.000401595 -0.000733508
-0.000523351 0.000401595 9.99774e-005 -0.000105538
0.00151813 -0.000733508 -0.000105538 0.00103384
4214
39159
<<<
1
0.0376604 2.52887 -0.987544 2.52887
0.0071658 -0.00151842 0.000367309 0.00281647
-0.00151842 0.00181304 9.32865e-005 -0.000594006
0.000367309 9.32865e-005 5.97584e-005 0.000154363
0.00281647 -0.000594006 0.000154363 0.00147135
2950
39188
<<<
1
-0.0294861 2.51144 -0.984512 2.51144
0.00809405 -0.0024077 -0.000515631 0.00155332
-0.0024077 0.00225002 0.000384618 -0.000726549
-0.000515631 0.000384618 9.68056e-005 -9.6497e-005
0.00155332 -0.000726549 -9.6497e-005 0.00104727
4203
39228
<<<
2
0.0363372 2.52809 -0.987566 2.52809
0.00709414 -0.00148645 0.000329064 0.00277806
-0.00148645 0.00195231 0.000116817 -0.000613136
0.000329064 0.000116817 5.80802e-005 0.000133609
0.00277806 -0.000613136 0.000133609 0.0015347
3002
-0.169964 2.49806 -0.962857 2.49806
0.00684672 -0.00178708 -0.00183113 -0.00115526
-0.00178708 0.00181081 0.000713769 -0.000287096
-0.00183113 0.000713769 0.000555518 0.000172217
-0.00115526 -0.000287096 0.000172217 0.00100879
2088
39257
<<<
1
-0.0619509 2.50559 -0.98212 2.50559
0.00687843 -0.00212353 -0.000907823 0.000483862
-0.00212353 0.00218167 0.000490675 -0.000501819
-0.000907823 0.000490675 0.000182864 -6.42244e-005
0.000483862 -0.000501819 -6.42244e-005 0.000639138
3787
39288
<<<
1
-0.0301839 2.51125 -0.984296 2.51125
0.00812621 -0.00241755 -0.000535241 0.00155879
-0.00241755 0.00224435 0.000399582 -0.000675518
-0.000535241 0.000399582 0.000101761 -9.47446e-005
0.00155879 -0.000675518 -9.47446e-005 0.00101549
4224
39327
<<<
2
-0.0995592 2.49857 -0.975634 2.49857
0.00849619 -0.00236126 -0.00157545 -0.000592199
-0.00236126 0.00207008 0.000666056 -0.000391397
-0.00157545 0.000666056 0.000364887 4.86449e-005
-0.000592199 -0.000391397 4.86449e-005 0.00119875
3928
0.11316 2.55674 -0.985435 2.55674
0.00390069 0.000160464 0.000569037 0.00198604
0.000160464 0.00108427 0.00016441 -8.35116e-005
0.000569037 0.00016441 0.000111894 0.000235772
0.00198604 -8.35116e-005 0.000235772 0.00146012
1214
39358
<<<
1
-0.0361665 2.51083 -0.984033 2.51083
0.00805088 -0.00246386 -0.000640756 0.00136868
-0.00246386 0.0022664 0.000407689 -0.000604093
-0.000640756 0.000407689 0.000111117 -8.60714e-005
0.00136868 -0.000604093 -8.60714e-005 0.000916469
4219
39387
<<<
1
-0.0647255 2.50459 -0.98159 2.50459
0.00707546 -0.00223658 -0.000987526 0.000407878
-0.00223658 0.00207536 0.000530415 -0.000450881
-0.000987526 0.000530415 0.000207918 -6.60925e-005
0.000407878 -0.000450881 -6.60925e-005 0.00062625
3756
39428
<<<
2
-0.145072 2.4984 -0.968462 2.4984
0.00725951 -0.00217413 -0.00180506 -0.000885453
-0.00217413 0.00188206 0.000753289 -0.000266619
-0.00180506 0.000753289 0.000511348 0.00012087
-0.000885453 -0.000266619 0.00012087 0.00084978
2752
0.0814279 2.54518 -0.986828 2.54518
0.00584764 -0.000846995 0.000555346 0.0024547
-0.000846995 0.00207904 9.22418e-005 -0.000402497
0.000555346 9.22418e-005 9.07545e-005 0.000225496
0.0024547 -0.000402497 0.000225496 0.00145342
1904
39460
<<<
1
-0.0353481 2.51014 -0.983921 2.51014
0.00788046 -0.00244297 -0.000616849 0.00145209
-0.00244297 0.00236598 0.000437553 -0.000711214
-0.000616849 0.000437553 0.000114785 -0.000108091
0.00145209 -0.000711214 -0.000108091 0.000959697
4213
39488
<<<
1
-0.0396792 2.5103 -0.9836 2.5103
0.00799508 -0.00247267 -0.000708927 0.00127142
-0.00247267 0.00224731 0.000439642 -0.000610996
-0.000708927 0.000439642 0.00012741 -9.08017e-005
0.00127142 -0.000610996 -9.08017e-005 0.000866068
4180
39553
<<<
1
-0.0374944 2.5099 -0.983713 2.5099
0.00810461 -0.00258606 -0.000688489 0.00136787
-0.00258606 0.00233274 0.000447481 -0.000646401
-0.000688489 0.000447481 0.00012451 -9.92064e-005
0.00136787 -0.000646401 -9.92064e-005 0.000968393
4231
39636
<<<
1
-0.00269631 2.5169 -0.985854 2.5169
0.00856531 -0.00175623 -3.17998e-005 0.00250271
-0.00175623 0.00196289 0.000227454 -0.000728554
-3.17998e-005 0.000227454 6.06527e-005 -6.94125e-006
0.00250271 -0.000728554 -6.94125e-006 0.0014576
4011
39677
<<<
1
-0.0153374 2.51592 -0.986481 2.51592
0.0078816 -0.00193333 -0.000251445 0.0019604
-0.00193333 0.00207759 0.000180519 -0.000498593
-0.000251445 0.000180519 4.55349e-005 -1.09829e-005
0.0019604 -0.000498593 -1.09829e-005 0.00101066
3888
39728
<<<
2
0.0406285 2.52966 -0.987149 2.52966
0.00729876 -0.0013588 0.000418729 0.00278981
-0.0013588 0.00174024 0.000115171 -0.000635909
0.000418729 0.000115171 7.21929e-005 0.000144672
0.00278981 -0.000635909 0.000144672 0.00147521
2962
-0.133722 2.49559 -0.971696 2.49559
0.00386968 -0.000796171 -0.000738601 -0.000981277
-0.000796171 0.00218532 0.000626418 -0.000740017
-0.000738601 0.000626418 0.000273224 -7.81827e-005
-0.000981277 -0.000740017 -7.81827e-005 0.00116501
1650
39758
<<<
2
0.100974 2.55128 -0.985527 2.55128
0.00564916 -0.000379772 0.0007703 0.00237181
-0.000379772 0.00171596 0.000110837 -0.000155708
0.0007703 0.000110837 0.000142076 0.000284156
0.00237181 -0.000155708 0.000284156 0.00147825
1678
-0.117273 2.4988 -0.973308 2.4988
0.00807411 -0.00235798 -0.00174322 -0.000727295
-0.00235798 0.00218617 0.000729421 -0.000319978
-0.00174322 0.000729421 0.00044057 8.96942e-005
-0.000727295 -0.000319978 8.96942e-005 0.000812443
3495
39798
<<<
1
-0.0310178 2.5109 -0.984361 2.5109
0.00787862 -0.00234978 -0.000542929 0.00149483
-0.00234978 0.0023037 0.000393951 -0.000644927
-0.000542929 0.000393951 9.91171e-005 -8.7366e-005
0.00149483 -0.000644927 -8.7366e-005 0.000969115
4201
39827
<<<
2
0.0122083 2.51886 -0.986612 2.51886
0.00798797 -0.00159986 0.000164231 0.00269444
-0.00159986 0.00203899 0.000194968 -0.000769224
0.000164231 0.000194968 6.09646e-005 4.17863e-005
0.00269444 -0.000769224 4.17863e-005 0.00162064
3685
-0.187295 2.49727 -0.957753 2.49727
0.00696184 -0.0014031 -0.00154989 -0.002759
-0.0014031 0.00163687 0.000563986 -0.000137994
-0.00154989 0.000563986 0.000431248 0.00037366
-0.002759 -0.000137994 0.00037366 0.00230326
1460
39858
<<<
1
-0.0881526 2.49833 -0.977242 2.49833
0.00866653 -0.00256301 -0.00150837 -0.000325178
-0.00256301 0.00228 0.000686439 -0.00058919
-0.00150837 0.000686439 0.000341962 -2.07717e-005
-0.000325178 -0.00058919 -2.07717e-005 0.00143055
4047
39898
<<<
2
-0.115924 2.49886 -0.973295 2.49886
0.00824958 -0.00241766 -0.00179013 -0.000650359
-0.00241766 0.00211059 0.000748258 -0.000333727
-0.00179013 0.000748258 0.000457508 6.96336e-005
-0.000650359 -0.000333727 6.96336e-005 0.000835767
3518
0.100836 2.55028 -0.985422 2.55028
0.0052963 -0.000107523 0.000743429 0.00228322
-0.000107523 0.00201614 0.000209081 -0.00028101
0.000743429 0.000209081 0.00015116 0.000238412
0.00228322 -0.00028101 0.000238412 0.00160042
1636
39928
<<<
1
-0.0370724 2.50974 -0.983825 2.50974
0.00801476 -0.00244504 -0.000654726 0.00130433
-0.00244504 0.00229465 0.000426968 -0.000620128
-0.000654726 0.000426968 0.000117333 -8.9739e-005
0.00130433 -0.000620128 -8.9739e-005 0.000984118
4221
39957
<<<
1
-0.0145483 2.51526 -0.984931 2.51526
0.0088746 -0.00232294 -0.000274368 0.00235502
-0.00232294 0.00229442 0.000317803 -0.000834453
-0.000274368 0.000317803 7.89884e-005 -4.33006e-005
0.00235502 -0.000834453 -4.33006e-005 0.0013831
4256
39998
<<<
1
-0.0389077 2.51019 -0.983877 2.51019
0.0079108 -0.00245783 -0.000683615 0.00122672
-0.00245783 0.00247007 0.000441408 -0.000601203
-0.000683615 0.000441408 0.000121492 -8.10481e-005
0.00122672 -0.000601203 -8.10481e-005 0.000954723
4160
40029
<<<
1
-0.0364687 2.50989 -0.983781 2.50989
0.0080204 -0.00259216 -0.000671353 0.00134947
-0.00259216 0.00245125 0.000458691 -0.00071326
-0.000671353 0.000458691 0.000124696 -0.000107352
0.00134947 -0.00071326 -0.000107352 0.000987689
4228
40057
<<<
1
-0.0242315 2.51351 -0.984662 2.51351
0.00849624 -0.00240135 -0.00043253 0.00194279
-0.00240135 0.00213354 0.000355693 -0.000665085
-0.00043253 0.000355693 9.09903e-005 -5.91155e-005
0.00194279 -0.000665085 -5.91155e-005 0.00114623
4247
40099
<<<
2
-0.0919707 2.49911 -0.97683 2.49911
0.00866416 -0.00237687 -0.00151266 -0.000476698
-0.00237687 0.00223815 0.000651802 -0.000511332
-0.00151266 0.000651802 0.000340029 1.75026e-005
-0.000476698 -0.000511332 1.75026e-005 0.00137021
3961
0.11524 2.55801 -0.985692 2.55801
0.00384235 0.000283246 0.000516642 0.00220483
0.000283246 0.00164259 0.000158789 0.000138567
0.000516642 0.000158789 9.04498e-005 0.000267321
0.00220483 0.000138567 0.000267321 0.00163218
1180
40132
<<<
1
-0.0660691 2.50476 -0.981708 2.50476
0.00676662 -0.00198244 -0.000931403 0.000303682
-0.00198244 0.00207626 0.000488366 -0.000423284
-0.000931403 0.000488366 0.000191441 -4.47484e-005
0.000303682 -0.000423284 -4.47484e-005 0.000663774
3702
40203
<<<
1
-0.0158724 2.51566 -0.984758 2.51566
0.00913797 -0.00234142 -0.000290983 0.00231239
-0.00234142 0.00219483 0.000311209 -0.000734272
-0.000290983 0.000311209 7.98508e-005 -3.54552e-005
0.00231239 -0.000734272 -3.54552e-005 0.00135189
4252
40217
<<<
2
-0.242393 2.51245 -0.943237 2.51245
0.00652641 -0.000116881 -0.00202883 -0.000799359
-0.000116881 0.000902507 0.000176862 -0.000229532
-0.00202883 0.000176862 0.000680193 0.000161476
-0.000799359 -0.000229532 0.000161476 0.000654222
1052
-0.0138743 2.51146 -0.986625 2.51146
0.00647383 -0.0016855 -0.000249633 0.00176447
-0.0016855 0.00192855 0.000257399 -0.000731855
-0.000249633 0.000257399 5.2422e-005 -9.35997e-005
0.00176447 -0.000731855 -9.35997e-005 0.00110329
3806
40285
<<<
2
0.0170299 2.52079 -0.986751 2.52079
0.00801951 -0.00168494 0.000203908 0.00282804
-0.00168494 0.00193106 0.000146836 -0.000794905
0.000203908 0.000146836 5.54887e-005 6.95818e-005
0.00282804 -0.000794905 6.95818e-005 0.00168123
3621
-0.205669 2.50672 -0.953899 2.50672
0.00634855 -0.00131368 -0.00185679 -0.00105247
-0.00131368 0.00137557 0.000594234 -0.000228735
-0.00185679 0.000594234 0.000601726 0.000180785
-0.00105247 -0.000228735 0.000180785 0.0008905
1463
40329
<<<
3
0.111441 2.55543 -0.984963 2.55543
0.0047416 -0.000444407 0.000720615 0.00195159
-0.000444407 0.00189473 7.35198e-005 -0.000203941
0.000720615 7.35198e-005 0.000137538 0.000251705
0.00195159 -0.000203941 0.000251705 0.0012981
1457
-0.174027 2.50023 -0.962097 2.50023
0.00684995 -0.00177954 -0.00187481 -0.00119352
-0.00177954 0.00183384 0.000725477 -0.000268205
-0.00187481 0.000725477 0.000576509 0.00018713
-0.00119352 -0.000268205 0.00018713 0.000957392
2133
-0.0297169 2.5055 -0.988815 2.5055
0.000965109 -5.80587e-005 -2.99432e-005 0.00024431
-5.80587e-005 0.0010172 9.82751e-005 -0.000161613
-2.99432e-005 9.82751e-005 1.36469e-005 -2.10751e-005
0.00024431 -0.000161613 -2.10751e-005 0.000288629
1423
40354
<<<
2
-0.0975334 2.49828 -0.975846 2.49828
0.00885464 -0.00241051 -0.00163109 -0.000594816
-0.00241051 0.00219254 0.000695084 -0.000484805
-0.00163109 0.000695084 0.000381942 3.04512e-005
-0.000594816 -0.000484805 3.04512e-005 0.00135534
3899
0.101331 2.54975 -0.987323 2.54975
0.00330414 0.000190228 0.000327179 0.00219927
0.000190228 0.00175832 0.000173467 7.64709e-005
0.000327179 0.000173467 5.96666e-005 0.000171265
0.00219927 7.64709e-005 0.000171265 0.00189803
1180
40428
<<<
2
-0.0908364 2.49915 -0.97686 2.49915
0.00888627 -0.00268028 -0.00158743 -0.000333151
-0.00268028 0.00223245 0.000702398 -0.000489667
-0.00158743 0.000702398 0.000360182 5.9145e-007
-0.000333151 -0.000489667 5.9145e-007 0.00125071
4072
0.122144 2.56185 -0.984766 2.56185
0.00374987 0.000310775 0.000527842 0.00209655
0.000310775 0.00196042 0.000225588 1.9727e-005
0.000527842 0.000225588 0.000105104 0.000239026
0.00209655 1.9727e-005 0.000239026 0.00167207
1056
40467
<<<
1
-0.0370612 2.50958 -0.983791 2.50958
0.00797437 -0.00241965 -0.000665902 0.00127107
-0.00241965 0.00229859 0.000444256 -0.000619458
-0.000665902 0.000444256 0.000124459 -9.70006e-005
0.00127107 -0.000619458 -9.70006e-005 0.00095207
4201
40499
<<<
1
-0.0387172 2.50997 -0.983618 2.50997
0.00805301 -0.0025774 -0.000703416 0.00130204
-0.0025774 0.00241373 0.000457202 -0.000650514
-0.000703416 0.000457202 0.000128094 -9.58376e-005
0.00130204 -0.000650514 -9.58376e-005 0.000952858
4222
40528
<<<
2
-0.098423 2.49833 -0.975691 2.49833
0.00879901 -0.00247349 -0.00164252 -0.000569293
-0.00247349 0.00215968 0.000695294 -0.000438134
-0.00164252 0.000695294 0.000381725 3.66375e-005
-0.000569293 -0.000438134 3.66375e-005 0.00131203
3935
0.111882 2.5551 -0.985712 2.5551
0.00403607 7.82482e-005 0.000523658 0.00230674
7.82482e-005 0.00198662 0.000179243 -9.30479e-005
0.000523658 0.000179243 9.6511e-005 0.000246116
0.00230674 -9.30479e-005 0.000246116 0.0017677
1246
40568
<<<
2
0.0059496 2.51749 -0.986418 2.51749
0.00823299 -0.00156522 0.000113296 0.002608
-0.00156522 0.00204617 0.000204687 -0.000772777
0.000113296 0.000204687 6.0029e-005 2.66772e-005
0.002608 -0.000772777 2.66772e-005 0.00167491
3853
-0.227783 2.51011 -0.947473 2.51011
0.00645334 -0.000643951 -0.00198595 -0.000827438
-0.000643951 0.00113307 0.00038734 -0.000336324
-0.00198595 0.00038734 0.000666831 0.000135353
-0.000827438 -0.000336324 0.000135353 0.000769108
1228
40597
<<<
1
-0.0446068 2.50796 -0.983076 2.50796
0.00748127 -0.00222168 -0.000698977 0.00109083
-0.00222168 0.00187937 0.000442728 -0.000644513
-0.000698977 0.000442728 0.00013774 -0.000118421
0.00109083 -0.000644513 -0.000118421 0.000955292
4026
40629
<<<
2
-0.192617 2.50442 -0.958005 2.50442
0.00671401 -0.00158108 -0.0019926 -0.000938029
-0.00158108 0.00174797 0.000678644 -0.000263846
-0.0019926 0.000678644 0.000645142 0.000159843
-0.000938029 -0.000263846 0.000159843 0.000866569
1807
0.027054 2.52431 -0.988321 2.52431
0.00580805 -0.00118774 0.00013471 0.00224875
-0.00118774 0.00170967 0.000135933 -0.000467188
0.00013471 0.000135933 3.55799e-005 5.77393e-005
0.00224875 -0.000467188 5.77393e-005 0.00126239
2907
40667
<<<
2
-0.101183 2.49733 -0.9753 2.49733
0.00826796 -0.00221716 -0.00157808 -0.000661234
-0.00221716 0.0019538 0.000683577 -0.000540262
-0.00157808 0.000683577 0.000384702 1.2202e-005
-0.000661234 -0.000540262 1.2202e-005 0.00133287
3755
0.107419 2.55366 -0.986 2.55366
0.00399825 0.000193651 0.000537307 0.00209946
0.000193651 0.00162467 0.000183677 -2.65591e-005
0.000537307 0.000183677 9.87737e-005 0.000238474
0.00209946 -2.65591e-005 0.000238474 0.00155236
1350
40697
<<<
1
-0.0790148 2.49998 -0.978724 2.49998
0.00855797 -0.00266307 -0.00135717 -9.07256e-005
-0.00266307 0.00223943 0.000642618 -0.000564581
-0.00135717 0.000642618 0.000289462 -3.3572e-005
-9.07256e-005 -0.000564581 -3.3572e-005 0.00129433
4207
40731
<<<
1
-0.020191 2.51437 -0.984568 2.51437
0.00895101 -0.00241742 -0.000366677 0.00224363
-0.00241742 0.00218873 0.000345067 -0.000744449
-0.000366677 0.000345067 8.91957e-005 -5.00786e-005
0.00224363 -0.000744449 -5.00786e-005 0.001282
4264
40779
<<<
1
-0.0269995 2.51239 -0.984878 2.51239
0.00804081 -0.00232137 -0.000470809 0.00161202
-0.00232137 0.00219491 0.000348074 -0.000532832
-0.000470809 0.000348074 8.67116e-005 -5.06564e-005
0.00161202 -0.000532832 -5.06564e-005 0.000980741
4204
40797
<<<
2
-0.226904 2.51087 -0.94782 2.51087
0.00596324 -0.000363684 -0.00175184 -0.00105421
-0.000363684 0.00104889 0.000276346 -0.000259732
-0.00175184 0.000276346 0.000558658 0.000224374
-0.00105421 -0.000259732 0.000224374 0.000782971
1191
-0.00622898 2.51406 -0.986702 2.51406
0.00703098 -0.00166997 -0.000144358 0.00217633
-0.00166997 0.00183601 0.000226681 -0.000736828
-0.000144358 0.000226681 5.01693e-005 -5.56898e-005
0.00217633 -0.000736828 -5.56898e-005 0.00128399
3788
40847
<<<
1
-0.0374666 2.51068 -0.984091 2.51068
0.00772659 -0.00244617 -0.000657105 0.00126175
-0.00244617 0.00219844 0.000417658 -0.000549077
-0.000657105 0.000417658 0.000116981 -7.89461e-005
0.00126175 -0.000549077 -7.89461e-005 0.000841763
4160
40897
<<<
1
-0.0316577 2.51062 -0.984345 2.51062
0.00787232 -0.00243319 -0.00056207 0.00149534
-0.00243319 0.00226566 0.000406562 -0.000653427
-0.00056207 0.000406562 0.000104322 -9.6525e-005
0.00149534 -0.000653427 -9.6525e-005 0.000964946
4168
40912
<<<
1
-0.0358779 2.51007 -0.984106 2.51007
0.0076581 -0.00239931 -0.000614092 0.00127639
-0.00239931 0.00233895 0.000431189 -0.000589422
-0.000614092 0.000431189 0.000115088 -8.73904e-005
0.00127639 -0.000589422 -8.73904e-005 0.000889672
4172
40968
<<<
2
0.0407492 2.53036 -0.9874 2.53036
0.00732826 -0.00144403 0.000417071 0.00291123
-0.00144403 0.00166829 7.39045e-005 -0.000545035
0.000417071 7.39045e-005 6.41047e-005 0.000178437
0.00291123 -0.000545035 0.000178437 0.00152096
2922
-0.149999 2.49099 -0.966537 2.49099
0.00685795 -0.00151268 -0.00145724 -0.00214222
-0.00151268 0.00189176 0.000644191 -0.000330431
-0.00145724 0.000644191 0.00040606 0.000227772
-0.00214222 -0.000330431 0.000227772 0.00189721
2236
40999
<<<
1
-0.0310852 2.51082 -0.984381 2.51082
0.00789889 -0.00235055 -0.000534772 0.00145228
-0.00235055 0.0022448 0.00039821 -0.000646199
-0.000534772 0.00039821 0.000102646 -9.1259e-005
0.00145228 -0.000646199 -9.1259e-005 0.00105151
4202
41037
<<<
1
-0.0371277 2.50989 -0.984159 2.50989
0.00767955 -0.00250256 -0.000631825 0.0013068
-0.00250256 0.00238381 0.000428816 -0.000591933
-0.000631825 0.000428816 0.000114099 -8.21838e-005
0.0013068 -0.000591933 -8.21838e-005 0.000913853
4174
41068
<<<
1
-0.0380519 2.51008 -0.984026 2.51008
0.0077186 -0.00236803 -0.000654056 0.00122886
-0.00236803 0.0023549 0.00041951 -0.000525332
-0.000654056 0.00041951 0.000115393 -7.15739e-005
0.00122886 -0.000525332 -7.15739e-005 0.000913233
4149
41097
<<<
2
0.00556445 2.51855 -0.9864 2.51855
0.00825358 -0.00174803 8.43457e-005 0.0027186
-0.00174803 0.00190846 0.000188334 -0.000775188
8.43457e-005 0.000188334 5.62146e-005 3.00119e-005
0.0027186 -0.000775188 3.00119e-005 0.0015895
3836
-0.207169 2.50271 -0.952702 2.50271
0.00589232 -0.000761129 -0.00148883 -0.00188415
-0.000761129 0.00109862 0.000404205 -0.000226262
-0.00148883 0.000404205 0.000441836 0.000309813
-0.00188415 -0.000226262 0.000309813 0.00151736
1253
41137
<<<
1
0.0387926 2.52962 -0.98745 2.52962
0.00712096 -0.00143513 0.000373679 0.00282401
-0.00143513 0.00176604 8.71905e-005 -0.000594612
0.000373679 8.71905e-005 5.95348e-005 0.000158644
0.00282401 -0.000594612 0.000158644 0.00148689
2959
41167
<<<
1
-0.0392725 2.50931 -0.983908 2.50931
0.00761794 -0.00242232 -0.000680045 0.00118998
-0.00242232 0.00226632 0.000438474 -0.000569925
-0.000680045 0.000438474 0.000124314 -9.01988e-005
0.00118998 -0.000569925 -9.01988e-005 0.000875837
4148
41208
<<<
1
-0.0302263 2.51243 -0.984959 2.51243
0.00775243 -0.0022459 -0.000505298 0.0014932
-0.0022459 0.0024219 0.000361582 -0.000543913
-0.000505298 0.000361582 8.93402e-005 -5.3603e-005
0.0014932 -0.000543913 -5.3603e-005 0.000898768
4178
41237
<<<
2
0.119275 2.56035 -0.984201 2.56035
0.00470783 -0.000361938 0.000732191 0.00195177
-0.000361938 0.0015897 0.000108393 -0.000247421
0.000732191 0.000108393 0.000145542 0.000253678
0.00195177 -0.000247421 0.000253678 0.00129602
1329
-0.0728783 2.50094 -0.982631 2.50094
0.00370241 -0.00124917 -0.000481151 9.04475e-005
-0.00124917 0.00196443 0.000382699 -0.000436167
-0.000481151 0.000382699 0.000108045 -6.1848e-005
9.04475e-005 -0.000436167 -6.1848e-005 0.000549657
3055
41267
<<<
1
-0.0934011 2.49915 -0.976624 2.49915
0.00853082 -0.00238988 -0.00155636 -0.000397539
-0.00238988 0.00216481 0.000678155 -0.000506575
-0.00155636 0.000678155 0.000363272 3.65408e-006
-0.000397539 -0.000506575 3.65408e-006 0.00129705
3882
41310
<<<
1
-0.0384553 2.51017 -0.983937 2.51017
0.00767981 -0.00235652 -0.000652097 0.00119404
-0.00235652 0.00224605 0.000426821 -0.000596958
-0.000652097 0.000426821 0.000119616 -8.52092e-005
0.00119404 -0.000596958 -8.52092e-005 0.000865392
4144
41360
<<<
2
0.107153 2.55434 -0.985388 2.55434
0.00501265 -0.000470286 0.000723084 0.00219265
-0.000470286 0.00173009 8.99367e-005 -0.000225172
0.000723084 8.99367e-005 0.000134253 0.00028604
0.00219265 -0.000225172 0.00028604 0.0013809
1551
-0.0773651 2.49883 -0.982035 2.49883
0.00346005 -0.0011253 -0.000458217 -0.000106184
-0.0011253 0.00181845 0.000392111 -0.00040121
-0.000458217 0.000392111 0.000114365 -6.51412e-005
-0.000106184 -0.00040121 -6.51412e-005 0.000583323
2870
41407
<<<
1
-0.0374413 2.51051 -0.984204 2.51051
0.00760799 -0.00237479 -0.000645785 0.00121696
-0.00237479 0.00239113 0.000428628 -0.000556166
-0.000645785 0.000428628 0.000115012 -7.58568e-005
0.00121696 -0.000556166 -7.58568e-005 0.000857362
4171
41466
<<<
1
-0.0187181 2.51454 -0.984659 2.51454
0.00884374 -0.00233651 -0.000345719 0.00215928
-0.00233651 0.00232098 0.000345425 -0.000805297
-0.000345719 0.000345425 8.60129e-005 -5.45807e-005
0.00215928 -0.000805297 -5.45807e-005 0.0013095
4313
41507
<<<
1
-0.0305612 2.51126 -0.98446 2.51126
0.00790633 -0.0023244 -0.000520926 0.0015364
-0.0023244 0.00218934 0.000381567 -0.000606327
-0.000520926 0.000381567 9.72251e-005 -8.19508e-005
0.0015364 -0.000606327 -8.19508e-005 0.00105292
4203
41537
<<<
2
0.101256 2.55118 -0.985376 2.55118
0.00572367 -0.000409836 0.000800116 0.00238818
-0.000409836 0.0018097 0.000115874 -0.000228355
0.000800116 0.000115874 0.000151043 0.000283224
0.00238818 -0.000228355 0.000283224 0.00152897
1660
-0.0855049 2.4992 -0.980393 2.4992
0.00410248 -0.00132989 -0.000653847 -0.000149605
-0.00132989 0.00176045 0.000468917 -0.000445003
-0.000653847 0.000468917 0.000167937 -7.01973e-005
-0.000149605 -0.000445003 -7.01973e-005 0.000626832
2890
41567
<<<
1
-0.075353 2.49995 -0.979256 2.49995
0.00860688 -0.00281672 -0.00133783 2.12799e-005
-0.00281672 0.00250349 0.00065741 -0.000533342
-0.00133783 0.00065741 0.000279782 -3.88223e-005
2.12799e-005 -0.000533342 -3.88223e-005 0.00139422
4311
41607
<<<
1
-0.0332789 2.51056 -0.984316 2.51056
0.00779146 -0.0024684 -0.000571698 0.00148174
-0.0024684 0.00241897 0.000421002 -0.000650062
-0.000571698 0.000421002 0.000107279 -9.55735e-005
0.00148174 -0.000650062 -9.55735e-005 0.000982032
4191
41637
<<<
1
-0.0448897 2.50924 -0.983537 2.50924
0.00769596 -0.00236571 -0.000768813 0.00103431
-0.00236571 0.00232809 0.000458786 -0.000548627
-0.000768813 0.000458786 0.000140669 -8.91135e-005
0.00103431 -0.000548627 -8.91135e-005 0.000902478
4094
41678
<<<
1
0.0361315 2.52851 -0.987509 2.52851
0.0071878 -0.00146331 0.000340836 0.00287173
-0.00146331 0.00185651 9.87616e-005 -0.000657899
0.000340836 9.87616e-005 5.59187e-005 0.000142892
0.00287173 -0.000657899 0.000142892 0.00156632
3003
41707
<<<
1
-0.032368 2.51085 -0.984379 2.51085
0.00765948 -0.00231792 -0.000560027 0.00137886
-0.00231792 0.00220947 0.000411591 -0.000620629
-0.000560027 0.000411591 0.000107631 -9.10303e-005
0.00137886 -0.000620629 -9.10303e-005 0.000950942
4166
41737
<<<
2
-0.2125 2.5086 -0.952225 2.5086
0.00618553 -0.00100496 -0.00186809 -0.000913816
-0.00100496 0.0012281 0.000481467 -0.000240843
-0.00186809 0.000481467 0.000612286 0.000169745
-0.000913816 -0.000240843 0.000169745 0.000780347
1374
0.0504071 2.53307 -0.986944 2.53307
0.0072451 -0.00118729 0.000542114 0.00279426
-0.00118729 0.00177974 0.000121566 -0.000591101
0.000542114 0.000121566 9.42054e-005 0.000182363
0.00279426 -0.000591101 0.000182363 0.00152836
2725
41777
<<<
1
-0.029314 2.51159 -0.984579 2.51159
0.00790427 -0.00240252 -0.000513504 0.00161605
-0.00240252 0.00225974 0.00039058 -0.000632601
-0.000513504 0.00039058 9.85023e-005 -8.63977e-005
0.00161605 -0.000632601 -8.63977e-005 0.00100765
4188
41807
<<<
2
0.0200006 2.52159 -0.987121 2.52159
0.0076245 -0.00157718 0.000228825 0.00276652
-0.00157718 0.00192526 0.000136402 -0.000730162
0.000228825 0.000136402 5.20132e-005 7.23004e-005
0.00276652 -0.000730162 7.23004e-005 0.00169607
3493
-0.193345 2.50406 -0.95712 2.50406
0.00616517 -0.00141499 -0.00176233 -0.00117616
-0.00141499 0.00154239 0.000642242 -0.00027966
-0.00176233 0.000642242 0.000567815 0.000184268
-0.00117616 -0.00027966 0.000184268 0.00102627
1533
41836
<<<
1
-0.0424769 2.50887 -0.983791 2.50887
0.00746339 -0.00238912 -0.000720916 0.00104673
-0.00238912 0.00225687 0.000446873 -0.000554381
-0.000720916 0.000446873 0.000130704 -8.84546e-005
0.00104673 -0.000554381 -8.84546e-005 0.000850363
4091
41877
<<<
2
-0.235034 2.51173 -0.945434 2.51173
0.00602233 -0.000334028 -0.00181495 -0.00102719
-0.000334028 0.000936941 0.000269043 -0.000305153
-0.00181495 0.000269043 0.000598887 0.000195102
-0.00102719 -0.000305153 0.000195102 0.000819924
1052
-0.0188777 2.50972 -0.986661 2.50972
0.00605162 -0.00159507 -0.000288223 0.00154373
-0.00159507 0.00193705 0.00027003 -0.000734183
-0.000288223 0.00027003 5.71644e-005 -0.000113617
0.00154373 -0.000734183 -0.000113617 0.00103075
3709
41939
<<<
1
-0.0277777 2.51201 -0.984519 2.51201
0.00812111 -0.00242593 -0.000492699 0.00166261
-0.00242593 0.00235506 0.000386254 -0.000680292
-0.000492699 0.000386254 9.64854e-005 -8.13724e-005
0.00166261 -0.000680292 -8.13724e-005 0.00105037
4240
41961
<<<
2
0.102528 2.55164 -0.985191 2.55164
0.00557748 -0.000141473 0.000834957 0.00229802
-0.000141473 0.00192922 0.000189213 -0.000187739
0.000834957 0.000189213 0.00017277 0.000272959
0.00229802 -0.000187739 0.000272959 0.00152239
1651
-0.107703 2.49476 -0.97448 2.49476
0.00750331 -0.00206643 -0.00149944 -0.000900115
-0.00206643 0.0020375 0.0007146 -0.000593526
-0.00149944 0.0007146 0.000392152 -6.17676e-006
-0.000900115 -0.000593526 -6.17676e-006 0.00152407
3466
42037
<<<
2
-0.0041566 2.5167 -0.985871 2.5167
0.00855019 -0.00199414 -7.35018e-005 0.00253446
-0.00199414 0.00210426 0.000241973 -0.000864437
-7.35018e-005 0.000241973 6.15208e-005 -1.6802e-005
0.00253446 -0.000864437 -1.6802e-005 0.00148113
4055
-0.227859 2.50537 -0.946581 2.50537
0.00579213 -0.000286083 -0.00161059 -0.00157104
-0.000286083 0.000955852 0.000311632 -0.000416496
-0.00161059 0.000311632 0.000525316 0.00024687
-0.00157104 -0.000416496 0.00024687 0.00134185
1044
42079
<<<
1
-0.0424434 2.50957 -0.983839 2.50957
0.00746234 -0.00230975 -0.000707652 0.00097991
-0.00230975 0.00231224 0.000438515 -0.000511335
-0.000707652 0.000438515 0.000127087 -6.75337e-005
0.00097991 -0.000511335 -6.75337e-005 0.00079811
4098
42148
<<<
1
-0.0322226 2.51106 -0.98431 2.51106
0.00791526 -0.0025029 -0.00058682 0.00148271
-0.0025029 0.00245861 0.000432812 -0.000668482
-0.00058682 0.000432812 0.000110377 -9.937e-005
0.00148271 -0.000668482 -9.937e-005 0.00102189
4200
42176
<<<
2
0.0420589 2.53119 -0.987417 2.53119
0.00725152 -0.00143286 0.000419114 0.00280688
-0.00143286 0.00183187 7.99521e-005 -0.000582948
0.000419114 7.99521e-005 6.46149e-005 0.00016948
0.00280688 -0.000582948 0.00016948 0.00144697
2928
-0.150824 2.49254 -0.966217 2.49254
0.00732726 -0.00162506 -0.00157553 -0.00222122
-0.00162506 0.00219195 0.000686822 -0.000414711
-0.00157553 0.000686822 0.000439092 0.000239288
-0.00222122 -0.000414711 0.000239288 0.00192348
2252
42207
<<<
1
-0.0349188 2.50873 -0.983481 2.50873
0.00722855 -0.00121297 -0.000250288 0.00170762
-0.00121297 0.00119826 0.000262013 -0.000621699
-0.000250288 0.000262013 8.31134e-005 -8.43276e-005
0.00170762 -0.000621699 -8.43276e-005 0.00118906
3310
42237
<<<
2
-0.00454165 2.51774 -0.986136 2.51774
0.00844402 -0.00177908 -4.24406e-005 0.00246936
-0.00177908 0.00198583 0.000214972 -0.000695147
-4.24406e-005 0.000214972 5.74158e-005 1.21201e-005
0.00246936 -0.000695147 1.21201e-005 0.00138513
4025
-0.233124 2.5047 -0.944193 2.5047
0.00646615 -0.000291021 -0.0017776 -0.00177336
-0.000291021 0.000859578 0.000266713 -0.000293106
-0.0017776 0.000266713 0.000550935 0.000333291
-0.00177336 -0.000293106 0.000333291 0.00130449
1007
42279
<<<
1
-0.0359954 2.51 -0.984241 2.51
0.00766082 -0.00238211 -0.000619158 0.00131907
-0.00238211 0.00240846 0.000425189 -0.000582659
-0.000619158 0.000425189 0.000112373 -9.11099e-005
0.00131907 -0.000582659 -9.11099e-005 0.000943668
4167
42308
<<<
2
-0.00262383 2.5187 -0.986589 2.5187
0.00848258 -0.00189457 -4.0298e-005 0.00255524
