3
-0.0314771 0.75021 -0.66045 1.95181
1.92137e-006 5.81362e-008 -8.55817e-008 -1.93371e-007
5.81362e-008 3.72047e-007 3.50203e-007 -9.76489e-007
-8.55817e-008 3.50203e-007 3.52718e-007 -9.05904e-007
-1.93371e-007 -9.76489e-007 -9.05904e-007 2.64133e-006
4000
0.882998 -0.203428 -0.423002 1.88756
7.96353e-007 -1.36835e-006 1.67016e-006 -4.15881e-006
-1.36835e-006 5.65866e-006 -3.99576e-006 9.03807e-006
1.67016e-006 -3.99576e-006 4.01773e-006 -9.63966e-006
-4.15881e-006 9.03807e-006 -9.63966e-006 2.37589e-005
1389
-0.550677 -0.396553 -0.734507 2.49779
2.24429e-006 -6.91657e-007 -1.22597e-006 2.54289e-006
-6.91657e-007 1.62091e-006 -2.66982e-007 6.04001e-007
-1.22597e-006 -2.66982e-007 9.8549e-007 -2.01815e-006
2.54289e-006 6.04001e-007 -2.01815e-006 4.38908e-006
2063
46076
<<<
3
0.885438 -0.236643 -0.4 1.84181
4.01904e-007 2.0675e-007 6.16736e-007 -1.74555e-006
2.0675e-007 2.41664e-006 -8.26027e-007 1.12603e-006
6.16736e-007 -8.26027e-007 1.5535e-006 -3.76068e-006
-1.74555e-006 1.12603e-006 -3.76068e-006 9.78892e-006
1400
-0.0146049 0.750861 -0.660299 1.95064
2.05341e-006 -1.52645e-007 -2.21116e-007 4.15988e-007
-1.52645e-007 2.64339e-007 2.61678e-007 -7.07274e-007
-2.21116e-007 2.61678e-007 2.7592e-007 -6.8639e-007
4.15988e-007 -7.07274e-007 -6.8639e-007 1.97062e-006
4168
-0.571699 -0.384538 -0.72477 2.47636
1.40994e-006 -2.67556e-007 -9.6225e-007 1.64382e-006
-2.67556e-007 1.93141e-006 -6.08222e-007 1.45876e-006
-9.6225e-007 -6.08222e-007 9.99725e-007 -1.86945e-006
1.64382e-006 1.45876e-006 -1.86945e-006 3.73723e-006
1761
46109
<<<
3
0.884651 -0.236117 -0.402046 1.84752
4.81608e-007 1.74114e-007 7.51542e-007 -2.11834e-006
1.74114e-007 2.64504e-006 -9.75783e-007 1.51084e-006
7.51542e-007 -9.75783e-007 1.82201e-006 -4.4971e-006
-2.11834e-006 1.51084e-006 -4.4971e-006 1.17726e-005
1416
-0.0195371 0.750886 -0.660142 1.9506
2.02293e-006 -8.02424e-008 -1.70379e-007 2.08337e-007
-8.02424e-008 2.78652e-007 2.73057e-007 -7.40643e-007
-1.70379e-007 2.73057e-007 2.84803e-007 -7.13016e-007
2.08337e-007 -7.40643e-007 -7.13016e-007 2.04712e-006
4160
-0.548291 -0.403919 -0.732275 2.49393
2.42314e-006 -7.9567e-007 -1.2972e-006 2.70128e-006
-7.9567e-007 1.24279e-006 -6.48177e-008 1.48574e-007
-1.2972e-006 -6.48177e-008 9.60401e-007 -1.95714e-006
2.70128e-006 1.48574e-007 -1.95714e-006 4.24801e-006
2053
46144
<<<
3
-0.0138736 0.751134 -0.660004 1.95037
2.07139e-006 -1.68501e-007 -2.30752e-007 4.59447e-007
-1.68501e-007 2.60271e-007 2.58625e-007 -7.00308e-007
-2.30752e-007 2.58625e-007 2.73478e-007 -6.82686e-007
4.59447e-007 -7.00308e-007 -6.82686e-007 1.95833e-006
4167
-0.547178 -0.401883 -0.734225 2.49768
2.45256e-006 -8.06712e-007 -1.30459e-006 2.70369e-006
-8.06712e-007 1.38041e-006 -1.22976e-007 2.62394e-007
-1.30459e-006 -1.22976e-007 9.90008e-007 -2.00205e-006
2.70369e-006 2.62394e-007 -2.00205e-006 4.30986e-006
2095
0.880083 -0.255853 -0.399991 1.84955
1.53008e-006 1.08497e-006 1.75381e-006 -5.31134e-006
1.08497e-006 1.88804e-006 6.13109e-007 -2.58174e-006
1.75381e-006 6.13109e-007 2.45658e-006 -6.95309e-006
-5.31134e-006 -2.58174e-006 -6.95309e-006 2.03143e-005
1283
46197
<<<
2
-0.0303259 0.74992 -0.660833 1.95265
1.96184e-006 5.38681e-008 -8.72572e-008 -1.71615e-007
5.38681e-008 3.68331e-007 3.4732e-007 -9.63123e-007
-8.72572e-008 3.4732e-007 3.50304e-007 -8.95392e-007
-1.71615e-007 -9.63123e-007 -8.95392e-007 2.59981e-006
4026
-0.549045 -0.397909 -0.734995 2.49891
2.32354e-006 -6.8388e-007 -1.2695e-006 2.6734e-006
-6.8388e-007 1.67666e-006 -3.07996e-007 6.80098e-007
-1.2695e-006 -3.07996e-007 1.03133e-006 -2.13443e-006
2.6734e-006 6.80098e-007 -2.13443e-006 4.68078e-006
2078
46221
<<<
2
0.00312048 0.74861 -0.663003 1.95569
2.08148e-006 -2.51989e-007 -2.3089e-007 7.30839e-007
-2.51989e-007 2.69049e-007 2.51505e-007 -7.34174e-007
-2.3089e-007 2.51505e-007 2.50042e-007 -6.75202e-007
7.30839e-007 -7.34174e-007 -6.75202e-007 2.08844e-006
3887
0.887085 -0.239595 -0.394555 1.82833
2.61982e-007 2.06199e-007 3.91975e-007 -1.12074e-006
2.06199e-007 2.07297e-006 -6.79336e-007 8.73647e-007
3.91975e-007 -6.79336e-007 1.1259e-006 -2.63701e-006
-1.12074e-006 8.73647e-007 -2.63701e-006 6.77035e-006
1345
46297
<<<
3
-0.0175892 0.750266 -0.660902 1.9523
2.04152e-006 -9.50847e-008 -1.73964e-007 2.68715e-007
-9.50847e-008 2.88732e-007 2.80755e-007 -7.66438e-007
-1.73964e-007 2.80755e-007 2.89924e-007 -7.32931e-007
2.68715e-007 -7.66438e-007 -7.32931e-007 2.11487e-006
4170
0.885031 -0.239499 -0.3992 1.8425
4.59936e-007 2.33911e-007 7.012e-007 -1.99434e-006
2.33911e-007 2.37555e-006 -7.81366e-007 1.11153e-006
7.012e-007 -7.81366e-007 1.68778e-006 -4.19708e-006
-1.99434e-006 1.11153e-006 -4.19708e-006 1.10447e-005
1387
-0.543682 -0.403847 -0.735743 2.50178
2.6985e-006 -9.0779e-007 -1.37222e-006 3.01318e-006
-9.0779e-007 1.42838e-006 -8.72149e-008 1.46743e-007
-1.37222e-006 -8.72149e-008 9.92065e-007 -2.09287e-006
3.01318e-006 1.46743e-007 -2.09287e-006 4.70657e-006
2126
46327
<<<
2
-0.547333 -0.39893 -0.735718 2.50076
2.40783e-006 -7.18327e-007 -1.30787e-006 2.755e-006
-7.18327e-007 1.60588e-006 -2.59417e-007 5.58548e-007
-1.30787e-006 -2.59417e-007 1.0373e-006 -2.13444e-006
2.755e-006 5.58548e-007 -2.13444e-006 4.66726e-006
2105
-0.04124 0.747649 -0.662812 1.95774
1.84147e-006 2.14599e-007 2.42443e-008 -5.96054e-007
2.14599e-007 5.98698e-007 5.27436e-007 -1.52075e-006
2.42443e-008 5.27436e-007 4.94074e-007 -1.33164e-006
-5.96054e-007 -1.52075e-006 -1.33164e-006 3.98128e-006
3870
46358
<<<
3
-0.00454178 0.75014 -0.661263 1.95175
2.06092e-006 -2.23057e-007 -2.37482e-007 6.36727e-007
-2.23057e-007 2.5086e-007 2.43151e-007 -6.77944e-007
-2.37482e-007 2.43151e-007 2.50901e-007 -6.44568e-007
6.36727e-007 -6.77944e-007 -6.44568e-007 1.9161e-006
4031
-0.523285 -0.422646 -0.739962 2.51011
3.31718e-006 -1.18682e-006 -1.39943e-006 3.68002e-006
-1.18682e-006 1.22693e-006 6.42679e-010 -4.02826e-007
-1.39943e-006 6.42679e-010 9.33519e-007 -2.13109e-006
3.68002e-006 -4.02826e-007 -2.13109e-006 5.32504e-006
1831
0.886407 -0.233905 -0.399463 1.83918
3.20604e-007 1.09684e-007 5.396e-007 -1.48553e-006
1.09684e-007 2.35882e-006 -9.16672e-007 1.42324e-006
5.396e-007 -9.16672e-007 1.46132e-006 -3.47596e-006
-1.48553e-006 1.42324e-006 -3.47596e-006 8.91574e-006
1401
46397
<<<
3
-0.00131133 0.749792 -0.661672 1.95233
2.06305e-006 -2.34111e-007 -2.32925e-007 6.84672e-007
-2.34111e-007 2.40988e-007 2.30848e-007 -6.66386e-007
-2.32925e-007 2.30848e-007 2.35621e-007 -6.2554e-007
6.84672e-007 -6.66386e-007 -6.2554e-007 1.90752e-006
3956
-0.473548 -0.432158 -0.767458 2.57493
5.03216e-006 -2.19537e-006 -1.40002e-006 5.10068e-006
-2.19537e-006 2.69984e-006 -3.52664e-007 -2.29467e-007
-1.40002e-006 -3.52664e-007 9.69041e-007 -2.57264e-006
5.10068e-006 -2.29467e-007 -2.57264e-006 7.76641e-006
1096
-0.600211 -0.377561 -0.70512 2.44194
1.33508e-006 2.59043e-009 -1.01573e-006 1.58262e-006
2.59043e-009 3.28046e-006 -1.4272e-006 3.27357e-006
-1.01573e-006 -1.4272e-006 1.40788e-006 -2.6234e-006
1.58262e-006 3.27357e-006 -2.6234e-006 5.35269e-006
1095
46427
<<<
2
0.0702422 0.738056 -0.671073 1.98195
2.57459e-006 -9.57467e-007 -4.75329e-007 2.65368e-006
-9.57467e-007 7.0076e-007 4.55743e-007 -1.85077e-006
-4.75329e-007 4.55743e-007 3.2715e-007 -1.21116e-006
2.65368e-006 -1.85077e-006 -1.21116e-006 5.16469e-006
2579
-0.1121 0.748624 -0.653449 1.95322
1.11211e-006 2.41554e-007 -2.54176e-009 -7.62768e-007
2.41554e-007 1.19166e-006 1.1381e-006 -3.08887e-006
-2.54176e-009 1.1381e-006 1.14528e-006 -2.92224e-006
-7.62768e-007 -3.08887e-006 -2.92224e-006 8.18515e-006
1884
46458
<<<
4
-0.547389 -0.401836 -0.734094 2.49544
2.31618e-006 -7.56065e-007 -1.22195e-006 2.62138e-006
-7.56065e-007 1.3555e-006 -1.46278e-007 3.05786e-007
-1.22195e-006 -1.46278e-007 9.32532e-007 -1.94993e-006
2.62138e-006 3.05786e-007 -1.94993e-006 4.34313e-006
2073
0.884897 -0.228107 -0.406108 1.85778
4.74026e-007 -1.16984e-007 8.63073e-007 -2.30509e-006
-1.16984e-007 3.27057e-006 -1.64915e-006 3.11502e-006
8.63073e-007 -1.64915e-006 2.26469e-006 -5.42301e-006
-2.30509e-006 3.11502e-006 -5.42301e-006 1.37001e-005
1469
0.0403655 0.742177 -0.668987 1.96998
2.12542e-006 -4.1413e-007 -1.95649e-007 1.26689e-006
-4.1413e-007 3.29684e-007 2.49774e-007 -9.21488e-007
-1.95649e-007 2.49774e-007 2.0757e-007 -6.95007e-007
1.26689e-006 -9.21488e-007 -6.95007e-007 2.70485e-006
3095
-0.136316 0.753037 -0.643703 1.94525
1.00597e-006 6.24644e-007 3.83625e-007 -1.73817e-006
6.24644e-007 1.93143e-006 1.80304e-006 -5.03113e-006
3.83625e-007 1.80304e-006 1.74296e-006 -4.67499e-006
-1.73817e-006 -5.03113e-006 -4.67499e-006 1.32437e-005
1277
46497
<<<
3
-0.0141837 0.751537 -0.659538 1.94918
2.06402e-006 -1.78364e-007 -2.34392e-007 5.18685e-007
-1.78364e-007 2.35373e-007 2.35406e-007 -6.41511e-007
-2.34392e-007 2.35406e-007 2.51494e-007 -6.27021e-007
5.18685e-007 -6.41511e-007 -6.27021e-007 1.81753e-006
4147
-0.543705 -0.401056 -0.737251 2.50292
2.58777e-006 -8.1176e-007 -1.32845e-006 2.97775e-006
-8.1176e-007 1.57154e-006 -2.10933e-007 3.98695e-007
-1.32845e-006 -2.10933e-007 1.00639e-006 -2.15772e-006
2.97775e-006 3.98695e-007 -2.15772e-006 4.95022e-006
2150
0.884979 -0.2337 -0.402736 1.85156
5.96326e-007 2.23084e-007 9.11364e-007 -2.55221e-006
2.23084e-007 2.66206e-006 -9.12273e-007 1.25861e-006
9.11364e-007 -9.12273e-007 2.05253e-006 -5.06702e-006
-2.55221e-006 1.25861e-006 -5.06702e-006 1.32943e-005
1441
46527
<<<
1
-0.01749 0.750755 -0.660349 1.95113
2.02905e-006 -1.17061e-007 -1.87305e-007 3.55615e-007
-1.17061e-007 2.71187e-007 2.64705e-007 -7.35093e-007
-1.87305e-007 2.64705e-007 2.74352e-007 -7.05285e-007
3.55615e-007 -7.35093e-007 -7.05285e-007 2.06445e-006
4169
46568
<<<
3
0.0261084 0.744036 -0.667629 1.9655
2.06805e-006 -2.47108e-007 -1.25503e-007 8.14371e-007
-2.47108e-007 2.84248e-007 2.39847e-007 -8.00157e-007
-1.25503e-007 2.39847e-007 2.17149e-007 -6.65996e-007
8.14371e-007 -8.00157e-007 -6.65996e-007 2.35949e-006
3305
0.883795 -0.231881 -0.406372 1.85993
6.55847e-007 9.68077e-008 1.0424e-006 -2.87128e-006
9.68077e-008 3.09775e-006 -1.28674e-006 2.12454e-006
1.0424e-006 -1.28674e-006 2.38879e-006 -5.86951e-006
-2.87128e-006 2.12454e-006 -5.86951e-006 1.52373e-005
1462
-0.541694 -0.405636 -0.736225 2.50064
2.65668e-006 -9.37212e-007 -1.29322e-006 2.95838e-006
-9.37212e-007 1.39356e-006 -7.87943e-008 7.90568e-008
-1.29322e-006 -7.87943e-008 9.2315e-007 -1.9988e-006
2.95838e-006 7.90568e-008 -1.9988e-006 4.63518e-006
2133
46597
<<<
2
-0.0149802 0.750832 -0.660323 1.9513
2.07917e-006 -1.58182e-007 -2.20493e-007 4.58572e-007
-1.58182e-007 2.70551e-007 2.6605e-007 -7.26698e-007
-2.20493e-007 2.6605e-007 2.78557e-007 -7.01247e-007
4.58572e-007 -7.26698e-007 -7.01247e-007 2.03393e-006
4174
-0.544237 -0.403635 -0.735449 2.49858
2.49395e-006 -8.10084e-007 -1.29539e-006 2.82811e-006
-8.10084e-007 1.41065e-006 -1.48691e-007 2.79633e-007
-1.29539e-006 -1.48691e-007 9.77958e-007 -2.06004e-006
2.82811e-006 2.79633e-007 -2.06004e-006 4.64694e-006
2109
46627
<<<
3
-0.560813 -0.390495 -0.73007 2.48706
1.79307e-006 -4.02023e-007 -1.10988e-006 2.17697e-006
-4.02023e-007 1.55493e-006 -3.98926e-007 9.39954e-007
-1.10988e-006 -3.98926e-007 9.8603e-007 -1.97259e-006
2.17697e-006 9.39954e-007 -1.97259e-006 4.17954e-006
1915
-0.0180933 0.750852 -0.660222 1.95064
2.01545e-006 -1.09286e-007 -1.83592e-007 3.25391e-007
-1.09286e-007 2.64693e-007 2.60627e-007 -7.14395e-007
-1.83592e-007 2.60627e-007 2.72881e-007 -6.90888e-007
3.25391e-007 -7.14395e-007 -6.90888e-007 2.00207e-006
4166
0.885444 -0.23055 -0.403529 1.85226
4.6311e-007 3.08368e-008 7.95364e-007 -2.14166e-006
3.08368e-008 2.80591e-006 -1.25544e-006 2.17274e-006
7.95364e-007 -1.25544e-006 2.02674e-006 -4.84685e-006
-2.14166e-006 2.17274e-006 -4.84685e-006 1.22946e-005
1443
46667
<<<
2
-0.048836 0.751778 -0.657606 1.94354
1.64043e-006 1.11025e-007 -7.00748e-008 -3.91902e-007
1.11025e-007 3.49274e-007 3.33459e-007 -9.22714e-007
-7.00748e-008 3.33459e-007 3.4598e-007 -8.65145e-007
-3.91902e-007 -9.22714e-007 -8.65145e-007 2.50424e-006
3566
0.88568 -0.234776 -0.400563 1.84603
4.53823e-007 1.14825e-007 7.41488e-007 -2.03789e-006
1.14825e-007 2.71032e-006 -1.11119e-006 1.82367e-006
7.41488e-007 -1.11119e-006 1.89417e-006 -4.56365e-006
-2.03789e-006 1.82367e-006 -4.56365e-006 1.16941e-005
1420
46697
<<<
4
0.88538 -0.233865 -0.401759 1.84876
4.86556e-007 1.45796e-007 7.77529e-007 -2.12506e-006
1.45796e-007 2.66346e-006 -1.04202e-006 1.62057e-006
7.77529e-007 -1.04202e-006 1.9141e-006 -4.59178e-006
-2.12506e-006 1.62057e-006 -4.59178e-006 1.17453e-005
1431
0.0400383 0.742337 -0.668829 1.96974
2.11258e-006 -4.08301e-007 -1.94203e-007 1.26445e-006
-4.08301e-007 3.47341e-007 2.67226e-007 -9.69577e-007
-1.94203e-007 2.67226e-007 2.23921e-007 -7.40352e-007
1.26445e-006 -9.69577e-007 -7.40352e-007 2.84839e-006
3095
-0.135613 0.750543 -0.646756 1.95141
1.03125e-006 6.87309e-007 4.36707e-007 -1.88382e-006
6.87309e-007 2.17636e-006 2.0116e-006 -5.62013e-006
4.36707e-007 2.0116e-006 1.91938e-006 -5.17525e-006
-1.88382e-006 -5.62013e-006 -5.17525e-006 1.47448e-005
1304
-0.557925 -0.380573 -0.737485 2.50073
1.8623e-006 -1.62334e-008 -1.28812e-006 2.58391e-006
-1.62334e-008 2.76811e-006 -1.03602e-006 2.34423e-006
-1.28812e-006 -1.03602e-006 1.3097e-006 -2.69898e-006
2.58391e-006 2.34423e-006 -2.69898e-006 5.80675e-006
2009
46727
<<<
3
-0.0479394 0.750889 -0.658686 1.9465
1.67154e-006 1.37339e-007 -4.48991e-008 -4.44109e-007
1.37339e-007 3.96664e-007 3.70223e-007 -1.03979e-006
-4.48991e-008 3.70223e-007 3.7296e-007 -9.58356e-007
-4.44109e-007 -1.03979e-006 -9.58356e-007 2.8052e-006
3622
0.886231 -0.232859 -0.400463 1.84524
4.08936e-007 8.5631e-008 6.85681e-007 -1.88057e-006
8.5631e-008 2.73717e-006 -1.14417e-006 1.89229e-006
6.85681e-007 -1.14417e-006 1.80745e-006 -4.33094e-006
-1.88057e-006 1.89229e-006 -4.33094e-006 1.10722e-005
1415
-0.52572 -0.422929 -0.738072 2.50504
3.40214e-006 -1.14466e-006 -1.48086e-006 3.91652e-006
-1.14466e-006 1.00585e-006 1.12556e-007 -6.32413e-007
-1.48086e-006 1.12556e-007 9.12025e-007 -2.13781e-006
3.91652e-006 -6.32413e-007 -2.13781e-006 5.44281e-006
1827
46767
<<<
3
-0.0469702 0.752182 -0.657279 1.94225
1.64045e-006 9.36699e-008 -7.74534e-008 -3.40858e-007
9.36699e-008 3.10844e-007 2.99633e-007 -8.24928e-007
-7.74534e-008 2.99633e-007 3.14213e-007 -7.79863e-007
-3.40858e-007 -8.24928e-007 -7.79863e-007 2.25374e-006
3591
0.886316 -0.238193 -0.397125 1.83968
3.94787e-007 1.92471e-007 6.2389e-007 -1.73522e-006
1.92471e-007 2.2857e-006 -8.03747e-007 1.20402e-006
6.2389e-007 -8.03747e-007 1.58894e-006 -3.85173e-006
-1.73522e-006 1.20402e-006 -3.85173e-006 9.91862e-006
1379
-0.527805 -0.415021 -0.741066 2.51094
3.10944e-006 -1.02071e-006 -1.38034e-006 3.62516e-006
-1.02071e-006 1.40786e-006 -1.2466e-007 -6.9431e-008
-1.38034e-006 -1.2466e-007 9.53368e-007 -2.21541e-006
3.62516e-006 -6.9431e-008 -2.21541e-006 5.58002e-006
1966
46797
<<<
4
0.88504 -0.228981 -0.405305 1.85688
5.02301e-007 -4.3613e-008 8.80045e-007 -2.36319e-006
-4.3613e-008 3.12526e-006 -1.47986e-006 2.69256e-006
8.80045e-007 -1.47986e-006 2.22586e-006 -5.35321e-006
-2.36319e-006 2.69256e-006 -5.35321e-006 1.35929e-005
1462
-0.529606 -0.395884 -0.750195 2.52655
2.54001e-006 -1.08369e-007 -1.51076e-006 3.64112e-006
-1.08369e-007 2.7664e-006 -1.06997e-006 2.24923e-006
-1.51076e-006 -1.06997e-006 1.39835e-006 -3.17184e-006
3.64112e-006 2.24923e-006 -3.17184e-006 7.49783e-006
1888
0.0369119 0.742858 -0.668431 1.96856
2.10498e-006 -3.72494e-007 -1.77466e-007 1.16792e-006
-3.72494e-007 3.23197e-007 2.52165e-007 -9.07126e-007
-1.77466e-007 2.52165e-007 2.13872e-007 -7.01386e-007
1.16792e-006 -9.07126e-007 -7.01386e-007 2.67263e-006
3148
-0.137956 0.753837 -0.642416 1.94282
1.12972e-006 7.63563e-007 4.89028e-007 -2.14613e-006
7.63563e-007 1.94324e-006 1.7906e-006 -5.04689e-006
4.89028e-007 1.7906e-006 1.71629e-006 -4.61451e-006
-2.14613e-006 -5.04689e-006 -4.61451e-006 1.33294e-005
1220
46827
<<<
3
-0.56232 -0.392567 -0.727796 2.48177
1.66919e-006 -3.69538e-007 -1.05588e-006 2.02146e-006
-3.69538e-007 1.28985e-006 -3.14543e-007 7.66302e-007
-1.05588e-006 -3.14543e-007 9.26824e-007 -1.82144e-006
2.02146e-006 7.66302e-007 -1.82144e-006 3.82079e-006
1879
-0.0120801 0.751192 -0.659973 1.9499
2.06385e-006 -1.92097e-007 -2.36802e-007 5.5834e-007
-1.92097e-007 2.42369e-007 2.39057e-007 -6.62624e-007
-2.36802e-007 2.39057e-007 2.51271e-007 -6.39983e-007
5.5834e-007 -6.62624e-007 -6.39983e-007 1.88387e-006
4147
0.885988 -0.235026 -0.399734 1.84413
4.01537e-007 7.85815e-008 6.81353e-007 -1.83768e-006
7.85815e-008 2.64902e-006 -1.14982e-006 1.94353e-006
6.81353e-007 -1.14982e-006 1.83329e-006 -4.33879e-006
-1.83768e-006 1.94353e-006 -4.33879e-006 1.09322e-005
1414
46867
<<<
3
0.88738 -0.198357 -0.416187 1.87331
5.83703e-007 -1.1912e-006 1.40835e-006 -3.4118e-006
-1.1912e-006 5.08775e-006 -3.75125e-006 8.41292e-006
1.40835e-006 -3.75125e-006 3.8097e-006 -8.9148e-006
-3.4118e-006 8.41292e-006 -8.9148e-006 2.15649e-005
1158
-0.00148219 0.749787 -0.661678 1.95296
2.10448e-006 -2.48773e-007 -2.48448e-007 7.4326e-007
-2.48773e-007 2.50964e-007 2.39623e-007 -6.92434e-007
-2.48448e-007 2.39623e-007 2.44115e-007 -6.4908e-007
7.4326e-007 -6.92434e-007 -6.4908e-007 1.99169e-006
3949
-0.556505 -0.376793 -0.740493 2.50676
2.02642e-006 2.59058e-007 -1.46884e-006 3.03238e-006
2.59058e-007 3.05596e-006 -1.27636e-006 2.91732e-006
-1.46884e-006 -1.27636e-006 1.48511e-006 -3.13159e-006
3.03238e-006 2.91732e-006 -3.13159e-006 6.86154e-006
2027
46897
<<<
3
-0.0206042 0.750081 -0.661025 1.95291
2.01881e-006 -5.70804e-008 -1.45117e-007 1.81955e-007
-5.70804e-008 3.09285e-007 2.95994e-007 -8.23783e-007
-1.45117e-007 2.95994e-007 3.00399e-007 -7.77988e-007
1.81955e-007 -8.23783e-007 -7.77988e-007 2.2781e-006
4178
-0.545445 -0.403526 -0.734614 2.49753
2.43667e-006 -8.27292e-007 -1.24597e-006 2.72064e-006
-8.27292e-007 1.36121e-006 -1.07597e-007 1.97569e-007
-1.24597e-006 -1.07597e-007 9.19185e-007 -1.93228e-006
2.72064e-006 1.97569e-007 -1.93228e-006 4.34787e-006
2102
0.881987 -0.209299 -0.422247 1.89101
8.5699e-007 -1.13806e-006 1.67819e-006 -4.29508e-006
-1.13806e-006 5.05857e-006 -3.52241e-006 7.93123e-006
1.67819e-006 -3.52241e-006 3.86657e-006 -9.44872e-006
-4.29508e-006 7.93123e-006 -9.44872e-006 2.37209e-005
1461
46927
<<<
2
-0.015109 0.751211 -0.659889 1.94965
2.04013e-006 -1.49687e-007 -2.09856e-007 4.32343e-007
-1.49687e-007 2.3995e-007 2.37929e-007 -6.46789e-007
-2.09856e-007 2.37929e-007 2.51448e-007 -6.28554e-007
4.32343e-007 -6.46789e-007 -6.28554e-007 1.81886e-006
4157
0.886456 -0.232978 -0.399895 1.8435
3.87139e-007 9.9645e-008 6.4606e-007 -1.74614e-006
9.9645e-008 2.54336e-006 -1.07188e-006 1.73403e-006
6.4606e-007 -1.07188e-006 1.73378e-006 -4.07153e-006
-1.74614e-006 1.73403e-006 -4.07153e-006 1.02391e-005
1417
46967
<<<
2
-0.559048 -0.39458 -0.729227 2.48599
1.91713e-006 -4.55508e-007 -1.17159e-006 2.34222e-006
-4.55508e-007 1.13558e-006 -1.96719e-007 4.90722e-007
-1.17159e-006 -1.96719e-007 9.47826e-007 -1.9037e-006
2.34222e-006 4.90722e-007 -1.9037e-006 4.0704e-006
1904
-0.0496569 0.751341 -0.658043 1.94477
1.63474e-006 1.21374e-007 -6.05956e-008 -4.15795e-007
1.21374e-007 3.74033e-007 3.53414e-007 -9.91674e-007
-6.05956e-008 3.53414e-007 3.61548e-007 -9.22273e-007
-4.15795e-007 -9.91674e-007 -9.22273e-007 2.69652e-006
3550
46997
<<<
3
0.886148 -0.236789 -0.398337 1.84132
4.36404e-007 1.74446e-007 6.96241e-007 -1.92455e-006
1.74446e-007 2.52183e-006 -9.56067e-007 1.4539e-006
6.96241e-007 -9.56067e-007 1.78818e-006 -4.30168e-006
-1.92455e-006 1.4539e-006 -4.30168e-006 1.10312e-005
1397
0.0608276 0.740388 -0.669421 1.97499
2.3348e-006 -7.02159e-007 -3.36252e-007 2.02689e-006
-7.02159e-007 4.68326e-007 3.17214e-007 -1.25919e-006
-3.36252e-007 3.17214e-007 2.41233e-007 -8.52046e-007
2.02689e-006 -1.25919e-006 -8.52046e-007 3.58624e-006
2711
-0.544501 -0.405309 -0.734332 2.49687
2.52202e-006 -8.55057e-007 -1.27941e-006 2.83224e-006
-8.55057e-007 1.32027e-006 -8.64338e-008 1.32977e-007
-1.27941e-006 -8.64338e-008 9.34559e-007 -1.98102e-006
2.83224e-006 1.32977e-007 -1.98102e-006 4.50505e-006
2096
47027
<<<
3
0.886545 -0.240143 -0.395436 1.83497
3.84342e-007 2.44656e-007 5.83955e-007 -1.63974e-006
2.44656e-007 1.94215e-006 -5.67375e-007 6.59462e-007
5.83955e-007 -5.67375e-007 1.41382e-006 -3.43679e-006
-1.63974e-006 6.59462e-007 -3.43679e-006 8.95295e-006
1356
-0.0147998 0.751241 -0.659862 1.95013
2.06927e-006 -1.69097e-007 -2.30993e-007 4.82852e-007
-1.69097e-007 2.47575e-007 2.46271e-007 -6.73752e-007
-2.30993e-007 2.46271e-007 2.61362e-007 -6.56339e-007
4.82852e-007 -6.73752e-007 -6.56339e-007 1.90318e-006
4163
-0.572528 -0.38416 -0.724315 2.47448
1.24423e-006 -2.20367e-007 -8.41781e-007 1.49544e-006
-2.20367e-007 1.9416e-006 -6.51318e-007 1.54743e-006
-8.41781e-007 -6.51318e-007 9.16693e-007 -1.77783e-006
1.49544e-006 1.54743e-006 -1.77783e-006 3.6785e-006
1748
47064
<<<
2
-0.0217088 0.750569 -0.660436 1.95131
1.99241e-006 -4.9592e-008 -1.44879e-007 1.48657e-007
-4.9592e-008 2.99358e-007 2.89715e-007 -7.95562e-007
-1.44879e-007 2.89715e-007 2.98105e-007 -7.57943e-007
1.48657e-007 -7.95562e-007 -7.57943e-007 2.19756e-006
4155
0.886243 -0.232013 -0.400929 1.84591
3.8795e-007 3.37155e-008 6.80158e-007 -1.81014e-006
3.37155e-008 2.68741e-006 -1.22767e-006 2.12912e-006
6.80158e-007 -1.22767e-006 1.86162e-006 -4.3649e-006
-1.81014e-006 2.12912e-006 -4.3649e-006 1.0914e-005
1428
47105
<<<
2
-0.0174677 0.751324 -0.659702 1.94932
2.03189e-006 -1.33875e-007 -2.07892e-007 3.82994e-007
-1.33875e-007 2.4666e-007 2.46062e-007 -6.58193e-007
-2.07892e-007 2.46062e-007 2.61653e-007 -6.43465e-007
3.82994e-007 -6.58193e-007 -6.43465e-007 1.84028e-006
4155
-0.548201 -0.40256 -0.73309 2.4938
2.32466e-006 -7.50886e-007 -1.2276e-006 2.63521e-006
-7.50886e-007 1.312e-006 -1.36713e-007 2.70682e-007
-1.2276e-006 -1.36713e-007 9.32821e-007 -1.94599e-006
2.63521e-006 2.70682e-007 -1.94599e-006 4.33479e-006
2049
47134
<<<
2
-0.0116785 0.751031 -0.660164 1.95067
2.07514e-006 -1.95097e-007 -2.42278e-007 5.62348e-007
-1.95097e-007 2.52988e-007 2.48635e-007 -6.91777e-007
-2.42278e-007 2.48635e-007 2.60518e-007 -6.66167e-007
5.62348e-007 -6.91777e-007 -6.66167e-007 1.96268e-006
4135
0.886909 -0.264313 -0.378856 1.80387
2.83204e-007 3.89449e-007 2.852e-007 -8.63151e-007
3.89449e-007 1.16449e-006 -1.47677e-007 -1.53965e-007
2.852e-007 -1.47677e-007 8.0957e-007 -1.86785e-006
-8.63151e-007 -1.53965e-007 -1.86785e-006 4.72577e-006
1001
47164
<<<
3
0.886437 -0.236009 -0.398158 1.84095
3.91391e-007 1.3091e-007 6.4806e-007 -1.77116e-006
1.3091e-007 2.35875e-006 -9.17726e-007 1.44468e-006
6.4806e-007 -9.17726e-007 1.66868e-006 -3.99844e-006
-1.77116e-006 1.44468e-006 -3.99844e-006 1.02277e-005
1392
-0.0176406 0.751222 -0.659814 1.95001
2.00853e-006 -1.18478e-007 -1.92603e-007 3.5209e-007
-1.18478e-007 2.59554e-007 2.56853e-007 -7.03903e-007
-1.92603e-007 2.56853e-007 2.70545e-007 -6.82992e-007
3.5209e-007 -7.03903e-007 -6.82992e-007 1.97822e-006
4165
-0.562537 -0.356069 -0.746168 2.51545
2.39966e-006 8.72754e-007 -1.94646e-006 3.90516e-006
8.72754e-007 4.85189e-006 -2.16107e-006 4.97159e-006
-1.94646e-006 -2.16107e-006 2.08398e-006 -4.34976e-006
3.90516e-006 4.97159e-006 -4.34976e-006 9.46736e-006
1666
47204
<<<
2
-0.0370235 0.749481 -0.66099 1.95251
1.8364e-006 1.17456e-007 -3.80176e-008 -3.20263e-007
1.17456e-007 4.31582e-007 3.96594e-007 -1.118e-006
-3.80176e-008 3.96594e-007 3.8803e-007 -1.01914e-006
-3.20263e-007 -1.118e-006 -1.01914e-006 2.99868e-006
3933
-0.546547 -0.398673 -0.736441 2.50143
2.40743e-006 -7.42245e-007 -1.2653e-006 2.77633e-006
-7.42245e-007 1.63439e-006 -2.65298e-007 5.56839e-007
-1.2653e-006 -2.65298e-007 9.92611e-007 -2.11522e-006
2.77633e-006 5.56839e-007 -2.11522e-006 4.76403e-006
2109
47235
<<<
3
-0.00886014 0.750871 -0.660389 1.95103
2.09238e-006 -2.18997e-007 -2.48018e-007 6.47e-007
-2.18997e-007 2.52195e-007 2.46144e-007 -6.92433e-007
-2.48018e-007 2.46144e-007 2.56264e-007 -6.62324e-007
6.47e-007 -6.92433e-007 -6.62324e-007 1.97561e-006
4087
-0.522371 -0.423166 -0.74031 2.51006
3.39184e-006 -1.07384e-006 -1.50874e-006 4.01861e-006
-1.07384e-006 1.01253e-006 6.74627e-008 -5.51346e-007
-1.50874e-006 6.74627e-008 9.46048e-007 -2.23446e-006
4.01861e-006 -5.51346e-007 -2.23446e-006 5.69877e-006
1777
0.886464 -0.236608 -0.397742 1.83929
3.36965e-007 8.6652e-008 5.70043e-007 -1.54093e-006
8.6652e-008 2.5604e-006 -1.12967e-006 1.89551e-006
5.70043e-007 -1.12967e-006 1.66183e-006 -3.86764e-006
-1.54093e-006 1.89551e-006 -3.86764e-006 9.64241e-006
1397
47264
<<<
3
-0.544104 -0.402957 -0.735919 2.50034
2.53721e-006 -8.45756e-007 -1.27962e-006 2.88213e-006
-8.45756e-007 1.52764e-006 -1.7698e-007 3.29916e-007
-1.27962e-006 -1.7698e-007 9.62173e-007 -2.07393e-006
2.88213e-006 3.29916e-007 -2.07393e-006 4.78639e-006
2132
0.88416 -0.224679 -0.409611 1.8657
5.46221e-007 -2.57572e-007 1.02523e-006 -2.68935e-006
-2.57572e-007 3.4604e-006 -1.88882e-006 3.78106e-006
1.02523e-006 -1.88882e-006 2.57676e-006 -6.20869e-006
-2.68935e-006 3.78106e-006 -6.20869e-006 1.56262e-005
1483
-0.0115822 0.751013 -0.660186 1.95037
2.07338e-006 -2.09154e-007 -2.53369e-007 5.9922e-007
-2.09154e-007 2.53643e-007 2.49758e-007 -6.89021e-007
-2.53369e-007 2.49758e-007 2.62041e-007 -6.65189e-007
5.9922e-007 -6.89021e-007 -6.65189e-007 1.95219e-006
4135
47321
<<<
1
-0.053615 0.751478 -0.657577 1.944
1.6542e-006 1.42749e-007 -5.56958e-008 -4.77485e-007
1.42749e-007 3.82291e-007 3.58846e-007 -9.99164e-007
-5.56958e-008 3.58846e-007 3.67803e-007 -9.23635e-007
-4.77485e-007 -9.99164e-007 -9.23635e-007 2.69567e-006
3463
47388
<<<
3
0.886751 -0.237479 -0.39658 1.83676
3.62836e-007 1.74266e-007 5.77786e-007 -1.6017e-006
1.74266e-007 2.34534e-006 -8.68603e-007 1.23854e-006
5.77786e-007 -8.68603e-007 1.53759e-006 -3.63347e-006
-1.6017e-006 1.23854e-006 -3.63347e-006 9.29107e-006
1387
-0.0298431 0.750425 -0.660281 1.95096
1.93081e-006 4.32603e-008 -8.61375e-008 -1.16015e-007
4.32603e-008 3.3254e-007 3.1637e-007 -8.83034e-007
-8.61375e-008 3.1637e-007 3.21671e-007 -8.2869e-007
-1.16015e-007 -8.83034e-007 -8.2869e-007 2.41444e-006
4038
-0.541478 -0.405739 -0.736327 2.5015
2.76733e-006 -9.38584e-007 -1.36327e-006 3.12362e-006
-9.38584e-007 1.43906e-006 -1.00594e-007 1.21986e-007
-1.36327e-006 -1.00594e-007 9.82761e-007 -2.12651e-006
3.12362e-006 1.21986e-007 -2.12651e-006 4.96927e-006
2142
47413
<<<
3
-0.0387316 0.751663 -0.658409 1.94553
1.73786e-006 6.38281e-008 -8.73956e-008 -2.05472e-007
6.38281e-008 3.29861e-007 3.16892e-007 -8.72483e-007
-8.73956e-008 3.16892e-007 3.27091e-007 -8.27103e-007
-2.05472e-007 -8.72483e-007 -8.27103e-007 2.38379e-006
3808
-0.548113 -0.401863 -0.733538 2.49497
2.33595e-006 -7.77313e-007 -1.22613e-006 2.61471e-006
-7.77313e-007 1.39223e-006 -1.48191e-007 3.22374e-007
-1.22613e-006 -1.48191e-007 9.37233e-007 -1.95595e-006
2.61471e-006 3.22374e-007 -1.95595e-006 4.35217e-006
2080
0.88483 -0.228317 -0.406137 1.85811
4.84579e-007 -6.96686e-008 8.61679e-007 -2.31062e-006
-6.96686e-008 3.09774e-006 -1.49531e-006 2.80703e-006
8.61679e-007 -1.49531e-006 2.19315e-006 -5.29631e-006
-2.31062e-006 2.80703e-006 -5.29631e-006 1.34526e-005
1464
47436
<<<
2
-0.0477518 0.751864 -0.657586 1.94342
1.64831e-006 9.69511e-008 -8.28301e-008 -3.58325e-007
9.69511e-008 3.39202e-007 3.25079e-007 -8.98217e-007
-8.28301e-008 3.25079e-007 3.38837e-007 -8.44544e-007
-3.58325e-007 -8.98217e-007 -8.44544e-007 2.44867e-006
3590
-0.562978 -0.388758 -0.72933 2.48529
1.69373e-006 -3.26174e-007 -1.09203e-006 2.09752e-006
-3.26174e-007 1.61934e-006 -4.61285e-007 1.11118e-006
-1.09203e-006 -4.61285e-007 1.0062e-006 -2.00141e-006
2.09752e-006 1.11118e-006 -2.00141e-006 4.21767e-006
1897
47468
<<<
4
-0.561301 -0.390336 -0.72978 2.48592
1.6511e-006 -3.47846e-007 -1.04026e-006 2.01703e-006
-3.47846e-007 1.46741e-006 -3.985e-007 9.585e-007
-1.04026e-006 -3.985e-007 9.39594e-007 -1.87934e-006
2.01703e-006 9.585e-007 -1.87934e-006 3.9787e-006
1892
-0.0598882 0.752119 -0.6563 1.94185
1.61752e-006 1.20073e-007 -8.76263e-008 -4.46986e-007
1.20073e-007 3.9161e-007 3.75446e-007 -1.03015e-006
-8.76263e-008 3.75446e-007 3.93986e-007 -9.68746e-007
-4.46986e-007 -1.03015e-006 -9.68746e-007 2.79108e-006
3227
0.885985 -0.236152 -0.399077 1.8439
4.8683e-007 2.05336e-007 7.53438e-007 -2.10132e-006
2.05336e-007 2.61118e-006 -9.27256e-007 1.32707e-006
7.53438e-007 -9.27256e-007 1.82707e-006 -4.43222e-006
-2.10132e-006 1.32707e-006 -4.43222e-006 1.14876e-005
1407
0.167311 0.704922 -0.689269 2.07869
8.62141e-006 -5.38076e-006 -2.23344e-006 1.18981e-005
-5.38076e-006 4.28921e-006 2.12371e-006 -9.89881e-006
-2.23344e-006 2.12371e-006 1.23206e-006 -5.22105e-006
1.18981e-005 -9.89881e-006 -5.22105e-006 2.37343e-005
1096
47504
<<<
3
-0.0271393 0.750092 -0.660777 1.9519
1.94641e-006 2.46859e-008 -9.42684e-008 -5.09017e-008
2.46859e-008 3.29721e-007 3.13648e-007 -8.63319e-007
-9.42684e-008 3.13648e-007 3.18177e-007 -8.10219e-007
-5.09017e-008 -8.63319e-007 -8.10219e-007 2.34717e-006
4107
-0.57247 -0.385899 -0.723436 2.47241
1.26868e-006 -2.46694e-007 -8.6288e-007 1.4914e-006
-2.46694e-007 1.66725e-006 -5.33822e-007 1.29239e-006
-8.6288e-007 -5.33822e-007 8.99633e-007 -1.69882e-006
1.4914e-006 1.29239e-006 -1.69882e-006 3.45839e-006
1730
0.88522 -0.233588 -0.402272 1.84996
5.24246e-007 1.39712e-007 8.40173e-007 -2.30593e-006
1.39712e-007 2.65997e-006 -1.04929e-006 1.63006e-006
8.40173e-007 -1.04929e-006 2.01529e-006 -4.87847e-006
-2.30593e-006 1.63006e-006 -4.87847e-006 1.25588e-005
1438
47534
<<<
3
-0.0621333 0.750175 -0.658314 1.94785
1.66224e-006 1.91441e-007 -3.77051e-008 -6.28493e-007
1.91441e-007 5.15863e-007 4.7408e-007 -1.34842e-006
-3.77051e-008 4.7408e-007 4.73962e-007 -1.22278e-006
-6.28493e-007 -1.34842e-006 -1.22278e-006 3.62658e-006
3242
0.11465 0.732846 -0.670665 2.00358
2.42659e-006 -1.0217e-006 -6.04494e-007 3.04002e-006
-1.0217e-006 8.33246e-007 6.28927e-007 -2.41661e-006
-6.04494e-007 6.28927e-007 5.0508e-007 -1.81899e-006
3.04002e-006 -2.41661e-006 -1.81899e-006 7.1793e-006
1063
-0.544797 -0.404263 -0.734689 2.49722
2.48127e-006 -8.03313e-007 -1.28609e-006 2.82233e-006
-8.03313e-007 1.34742e-006 -1.2322e-007 2.2746e-007
-1.28609e-006 -1.2322e-007 9.56005e-007 -2.02619e-006
2.82233e-006 2.2746e-007 -2.02619e-006 4.58476e-006
2103
47564
<<<
2
-0.544114 -0.401999 -0.736435 2.50145
2.50487e-006 -8.28021e-007 -1.27665e-006 2.83082e-006
-8.28021e-007 1.49724e-006 -1.66261e-007 3.18581e-007
-1.27665e-006 -1.66261e-007 9.57362e-007 -2.03939e-006
2.83082e-006 3.18581e-007 -2.03939e-006 4.63685e-006
2135
-0.0178337 0.751175 -0.659862 1.95022
2.03349e-006 -1.23229e-007 -1.98973e-007 3.62156e-007
-1.23229e-007 2.60348e-007 2.5733e-007 -7.0152e-007
-1.98973e-007 2.5733e-007 2.70756e-007 -6.81067e-007
3.62156e-007 -7.0152e-007 -6.81067e-007 1.96607e-006
4157
47604
<<<
3
0.0550299 0.740773 -0.669498 1.97362
2.2693e-006 -6.27106e-007 -3.02871e-007 1.82526e-006
-6.27106e-007 4.34622e-007 3.01781e-007 -1.183e-006
-3.02871e-007 3.01781e-007 2.32861e-007 -8.22421e-007
1.82526e-006 -1.183e-006 -8.22421e-007 3.40347e-006
2820
-0.542797 -0.403254 -0.736721 2.50169
2.60846e-006 -8.94066e-007 -1.29505e-006 2.91514e-006
-8.94066e-007 1.58123e-006 -1.75713e-007 3.18066e-007
-1.29505e-006 -1.75713e-007 9.70657e-007 -2.08104e-006
2.91514e-006 3.18066e-007 -2.08104e-006 4.79575e-006
2148
-0.125657 0.74909 -0.650441 1.95499
1.15411e-006 4.38478e-007 1.56706e-007 -1.25609e-006
4.38478e-007 1.65649e-006 1.55389e-006 -4.3062e-006
1.56706e-007 1.55389e-006 1.52962e-006 -4.01448e-006
-1.25609e-006 -4.3062e-006 -4.01448e-006 1.13674e-005
1590
47634
<<<
4
0.088035 0.735347 -0.671948 1.99059
3.32184e-006 -1.49399e-006 -7.41662e-007 3.92052e-006
-1.49399e-006 9.86502e-007 5.83538e-007 -2.52757e-006
-7.41662e-007 5.83538e-007 3.87867e-007 -1.52705e-006
3.92052e-006 -2.52757e-006 -1.52705e-006 6.80256e-006
2217
-0.0957346 0.750149 -0.654302 1.94796
1.38728e-006 1.03367e-007 -1.4604e-007 -4.42961e-007
1.03367e-007 7.19524e-007 7.05518e-007 -1.88866e-006
-1.4604e-007 7.05518e-007 7.42888e-007 -1.82045e-006
-4.42961e-007 -1.88866e-006 -1.82045e-006 5.07908e-006
2211
-0.571133 -0.383937 -0.725534 2.47643
1.26912e-006 -1.8162e-007 -8.774e-007 1.53884e-006
-1.8162e-007 2.1042e-006 -7.37786e-007 1.71961e-006
-8.774e-007 -7.37786e-007 9.77967e-007 -1.87609e-006
1.53884e-006 1.71961e-006 -1.87609e-006 3.84625e-006
1766
0.885484 -0.231162 -0.403091 1.8511
4.82036e-007 7.20885e-008 8.03184e-007 -2.18734e-006
7.20885e-008 2.76732e-006 -1.16675e-006 1.91119e-006
8.03184e-007 -1.16675e-006 1.98703e-006 -4.77536e-006
-2.18734e-006 1.91119e-006 -4.77536e-006 1.22338e-005
1445
47666
<<<
3
-0.0265121 0.750663 -0.660153 1.95045
1.93624e-006 1.48005e-008 -9.86154e-008 -3.14659e-008
1.48005e-008 3.03742e-007 2.91669e-007 -8.03299e-007
-9.86154e-008 2.91669e-007 2.98547e-007 -7.59539e-007
-3.14659e-008 -8.03299e-007 -7.59539e-007 2.20186e-006
4092
0.886162 -0.232279 -0.400953 1.84574
4.01398e-007 8.42299e-008 6.76684e-007 -1.83871e-006
8.42299e-008 2.63879e-006 -1.10131e-006 1.77665e-006
6.76684e-007 -1.10131e-006 1.7736e-006 -4.20176e-006
-1.83871e-006 1.77665e-006 -4.20176e-006 1.06754e-005
1425
-0.516846 -0.426596 -0.742217 2.51381
3.49335e-006 -1.09965e-006 -1.51926e-006 4.13493e-006
-1.09965e-006 1.15377e-006 -2.96106e-008 -4.27533e-007
-1.51926e-006 -2.96106e-008 1.00553e-006 -2.35813e-006
4.13493e-006 -4.27533e-007 -2.35813e-006 6.04696e-006
1689
47704
<<<
3
-0.549587 -0.397736 -0.734684 2.49704
2.20165e-006 -6.45517e-007 -1.20657e-006 2.53998e-006
-6.45517e-007 1.54879e-006 -2.75673e-007 6.1441e-007
-1.20657e-006 -2.75673e-007 9.71316e-007 -2.01796e-006
2.53998e-006 6.1441e-007 -2.01796e-006 4.43046e-006
2067
-0.0161296 0.751104 -0.659987 1.95093
2.05894e-006 -1.40029e-007 -2.06353e-007 4.15019e-007
-1.40029e-007 2.69155e-007 2.64845e-007 -7.30206e-007
-2.06353e-007 2.64845e-007 2.77233e-007 -7.04781e-007
4.15019e-007 -7.30206e-007 -7.04781e-007 2.05174e-006
4175
0.886379 -0.23675 -0.397847 1.84064
4.03303e-007 1.8042e-007 6.41025e-007 -1.77064e-006
1.8042e-007 2.39625e-006 -8.87541e-007 1.29554e-006
6.41025e-007 -8.87541e-007 1.65787e-006 -3.94932e-006
-1.77064e-006 1.29554e-006 -3.94932e-006 1.00969e-005
1398
47734
<<<
4
-0.532687 -0.414858 -0.737657 2.50435
3.01319e-006 -1.01338e-006 -1.38484e-006 3.4545e-006
-1.01338e-006 1.17367e-006 -5.04012e-010 -2.4625e-007
-1.38484e-006 -5.04012e-010 9.23991e-007 -2.09992e-006
3.4545e-006 -2.4625e-007 -2.09992e-006 5.13447e-006
1988
0.0736575 0.737295 -0.671543 1.98456
2.7655e-006 -1.08242e-006 -5.37678e-007 2.94652e-006
-1.08242e-006 7.70886e-007 4.87694e-007 -2.01852e-006
-5.37678e-007 4.87694e-007 3.42009e-007 -1.28952e-006
2.94652e-006 -2.01852e-006 -1.28952e-006 5.55043e-006
2537
-0.112024 0.740598 -0.662545 1.97537
1.14044e-006 4.73403e-007 1.85131e-007 -1.30078e-006
4.73403e-007 2.07254e-006 1.83245e-006 -5.15188e-006
1.85131e-007 1.83245e-006 1.68933e-006 -4.54857e-006
-1.30078e-006 -5.15188e-006 -4.54857e-006 1.30945e-005
2002
0.884774 -0.229117 -0.405808 1.85758
5.07228e-007 -9.6924e-008 9.0759e-007 -2.40784e-006
-9.6924e-008 3.19836e-006 -1.58075e-006 2.93218e-006
9.0759e-007 -1.58075e-006 2.30321e-006 -5.51281e-006
-2.40784e-006 2.93218e-006 -5.51281e-006 1.39317e-005
1464
47774
<<<
2
-0.546403 -0.399377 -0.736167 2.49982
2.37419e-006 -7.23309e-007 -1.25807e-006 2.73213e-006
-7.23309e-007 1.59274e-006 -2.57196e-007 5.36739e-007
-1.25807e-006 -2.57196e-007 9.87386e-007 -2.08142e-006
2.73213e-006 5.36739e-007 -2.08142e-006 4.68603e-006
2121
-0.0478125 0.752275 -0.657113 1.94223
1.64203e-006 8.5816e-008 -8.87815e-008 -3.1953e-007
8.5816e-008 3.14787e-007 3.04926e-007 -8.31832e-007
-8.87815e-008 3.04926e-007 3.21479e-007 -7.90705e-007
-3.1953e-007 -8.31832e-007 -7.90705e-007 2.26268e-006
3575
47806
<<<
4
-0.54188 -0.40525 -0.7363 2.50111
2.76117e-006 -9.58122e-007 -1.34771e-006 3.07729e-006
-9.58122e-007 1.39322e-006 -6.9252e-008 4.38478e-008
-1.34771e-006 -6.9252e-008 9.5734e-007 -2.05756e-006
3.07729e-006 4.38478e-008 -2.05756e-006 4.75087e-006
2137
-0.115687 0.744001 -0.658087 1.96666
1.3338e-006 4.77053e-007 1.45864e-007 -1.34002e-006
4.77053e-007 1.60404e-006 1.44609e-006 -4.07769e-006
1.45864e-007 1.44609e-006 1.38283e-006 -3.65671e-006
-1.34002e-006 -4.07769e-006 -3.65671e-006 1.05814e-005
1944
0.0508519 0.74676 -0.663146 1.95404
1.19737e-006 -2.08092e-007 -1.0001e-007 7.79219e-007
-2.08092e-007 2.13299e-007 1.88635e-007 -6.32098e-007
-1.0001e-007 1.88635e-007 1.76379e-007 -5.43645e-007
7.79219e-007 -6.32098e-007 -5.43645e-007 2.01159e-006
2331
0.885869 -0.236425 -0.399173 1.84279
4.36632e-007 1.86524e-007 6.88233e-007 -1.91443e-006
1.86524e-007 2.36846e-006 -8.45716e-007 1.18987e-006
6.88233e-007 -8.45716e-007 1.69321e-006 -4.08937e-006
-1.91443e-006 1.18987e-006 -4.08937e-006 1.05891e-005
1403
47834
<<<
4
0.886239 -0.236148 -0.398515 1.84085
4.03641e-007 1.4605e-007 6.60338e-007 -1.79976e-006
1.4605e-007 2.35323e-006 -9.30305e-007 1.4424e-006
6.60338e-007 -9.30305e-007 1.72321e-006 -4.09751e-006
-1.79976e-006 1.4424e-006 -4.09751e-006 1.04109e-005
1402
-0.131441 0.692036 -0.709795 2.09799
4.58439e-006 4.5809e-006 2.61186e-006 -1.03454e-005
4.5809e-006 8.1801e-006 5.53505e-006 -1.87157e-005
2.61186e-006 5.53505e-006 3.95649e-006 -1.28891e-005
-1.03454e-005 -1.87157e-005 -1.28891e-005 4.3877e-005
1438
-0.568322 -0.387722 -0.725728 2.47725
1.35709e-006 -2.58868e-007 -9.02341e-007 1.63968e-006
-2.58868e-007 1.66772e-006 -5.34215e-007 1.25412e-006
-9.02341e-007 -5.34215e-007 9.1783e-007 -1.77328e-006
1.63968e-006 1.25412e-006 -1.77328e-006 3.64952e-006
1789
0.0483082 0.746826 -0.663262 1.95339
1.22969e-006 -1.9864e-007 -9.74325e-008 7.29664e-007
-1.9864e-007 2.14834e-007 1.90441e-007 -6.12882e-007
-9.74325e-008 1.90441e-007 1.77931e-007 -5.29944e-007
7.29664e-007 -6.12882e-007 -5.29944e-007 1.91819e-006
2397
47876
<<<
3
-0.0480392 0.751221 -0.6583 1.94526
1.64707e-006 1.22714e-007 -5.88219e-008 -4.10656e-007
1.22714e-007 3.81143e-007 3.58807e-007 -1.00528e-006
-5.88219e-008 3.58807e-007 3.65639e-007 -9.31877e-007
-4.10656e-007 -1.00528e-006 -9.31877e-007 2.72207e-006
3611
-0.54551 -0.399678 -0.736666 2.50042
2.37557e-006 -7.55541e-007 -1.23539e-006 2.70036e-006
-7.55541e-007 1.60083e-006 -2.50714e-007 5.17242e-007
-1.23539e-006 -2.50714e-007 9.68996e-007 -2.05309e-006
2.70036e-006 5.17242e-007 -2.05309e-006 4.63116e-006
2131
0.8863 -0.233746 -0.399793 1.84354
3.83751e-007 9.13269e-008 6.47887e-007 -1.76003e-006
9.13269e-008 2.52408e-006 -1.05671e-006 1.72948e-006
6.47887e-007 -1.05671e-006 1.72124e-006 -4.08446e-006
-1.76003e-006 1.72948e-006 -4.08446e-006 1.03719e-005
1418
47904
<<<
2
-0.555521 -0.398261 -0.729921 2.48649
1.98431e-006 -6.01509e-007 -1.11547e-006 2.25251e-006
-6.01509e-007 1.23852e-006 -1.70183e-007 4.0473e-007
-1.11547e-006 -1.70183e-007 8.86985e-007 -1.78244e-006
2.25251e-006 4.0473e-007 -1.78244e-006 3.80573e-006
1953
-0.0501147 0.750762 -0.65867 1.9462
1.65875e-006 1.49536e-007 -4.55369e-008 -4.95073e-007
1.49536e-007 4.19188e-007 3.89292e-007 -1.09776e-006
-4.55369e-008 3.89292e-007 3.91587e-007 -1.00498e-006
-4.95073e-007 -1.09776e-006 -1.00498e-006 2.95467e-006
3586
47934
<<<
3
0.886313 -0.235793 -0.398562 1.84096
4.24793e-007 1.55983e-007 6.79957e-007 -1.87283e-006
1.55983e-007 2.43192e-006 -9.37311e-007 1.39049e-006
6.79957e-007 -9.37311e-007 1.72634e-006 -4.11746e-006
-1.87283e-006 1.39049e-006 -4.11746e-006 1.05444e-005
1404
0.0550414 0.741188 -0.669037 1.97242
2.27869e-006 -6.18745e-007 -3.00534e-007 1.81374e-006
-6.18745e-007 4.13064e-007 2.87531e-007 -1.12128e-006
-3.00534e-007 2.87531e-007 2.23255e-007 -7.78414e-007
1.81374e-006 -1.12128e-006 -7.78414e-007 3.22527e-006
2803
-0.546209 -0.403477 -0.734072 2.49612
2.45818e-006 -8.23917e-007 -1.26636e-006 2.76873e-006
-8.23917e-007 1.26933e-006 -7.58888e-008 1.13129e-007
-1.26636e-006 -7.58888e-008 9.25772e-007 -1.94238e-006
2.76873e-006 1.13129e-007 -1.94238e-006 4.35091e-006
2075
47974
<<<
3
0.887113 -0.2364 -0.396416 1.83639
3.4647e-007 1.66772e-007 5.56609e-007 -1.5414e-006
1.66772e-007 2.19887e-006 -7.93129e-007 1.13743e-006
