3
0.0420129 1.33589 -0.438752 1.33589
0.00592015 0.000319674 0.000841028 -0.00304216
0.000319674 0.000626052 0.00102749 -0.00289759
0.000841028 0.00102749 0.00176739 -0.00481366
-0.00304216 -0.00289759 -0.00481366 0.0141321
4015
0.851698 1.96638 -0.478006 1.96638
0.000453975 -9.06119e-005 0.000712316 -0.00181268
-9.06119e-005 0.00386534 -0.00130269 0.00202232
0.000712316 -0.00130269 0.00150588 -0.00338117
-0.00181268 0.00202232 -0.00338117 0.00844045
1565
-0.590923 2.62552 -0.793392 2.62552
0.00434721 -0.000522505 -0.00312532 0.00606744
-0.000522505 0.00305091 0.000112668 -0.000966698
-0.00312532 0.000112668 0.00230514 -0.00431584
0.00606744 -0.000966698 -0.00431584 0.00903788
2173
27715
<<<
3
0.850253 1.97467 -0.481467 1.97467
0.000713846 -0.00012671 0.001061 -0.00277165
-0.00012671 0.00436327 -0.0014598 0.00212654
0.001061 -0.0014598 0.00199678 -0.00464962
-0.00277165 0.00212654 -0.00464962 0.0119831
1601
0.045684 1.33252 -0.436531 1.33252
0.005917 -4.76885e-005 0.000342486 -0.00140236
-4.76885e-005 0.000553514 0.000900039 -0.00250317
0.000342486 0.000900039 0.00155442 -0.00414968
-0.00140236 -0.00250317 -0.00414968 0.012065
4000
-0.603818 2.60604 -0.785107 2.60604
0.00333267 -0.000172906 -0.00257547 0.00448679
-0.000172906 0.00280931 -4.8183e-005 -0.000350028
-0.00257547 -4.8183e-005 0.00201757 -0.00345561
0.00448679 -0.000350028 -0.00345561 0.00640163
1966
27777
<<<
3
0.853986 1.9636 -0.475719 1.9636
0.000665828 2.34921e-005 0.0009667 -0.00253957
2.34921e-005 0.0035643 -0.00108672 0.00122092
0.0009667 -0.00108672 0.00179759 -0.00419134
-0.00253957 0.00122092 -0.00419134 0.0109196
1575
0.0326768 1.3532 -0.438005 1.3532
0.00650305 0.00107668 0.00183851 -0.00618817
0.00107668 0.00124728 0.00191476 -0.00567785
0.00183851 0.00191476 0.00303357 -0.00879227
-0.00618817 -0.00567785 -0.00879227 0.0265314
3959
-0.595915 2.61196 -0.791142 2.61196
0.00359116 -0.000326076 -0.00270467 0.00484116
-0.000326076 0.00197032 5.93705e-005 -0.000549685
-0.00270467 5.93705e-005 0.00206817 -0.0036243
0.00484116 -0.000549685 -0.0036243 0.0069573
2040
27833
<<<
3
0.0404087 1.33609 -0.429965 1.33609
0.0058292 0.000381817 0.000939802 -0.00324465
0.000381817 0.000622712 0.00104182 -0.00294287
0.000939802 0.00104182 0.00182075 -0.0049851
-0.00324465 -0.00294287 -0.0049851 0.014539
3839
0.85585 1.95975 -0.474194 1.95975
0.000423996 -0.000140299 0.00068995 -0.0017249
-0.000140299 0.00410281 -0.00136745 0.00213962
0.00068995 -0.00136745 0.00148359 -0.00330916
-0.0017249 0.00213962 -0.00330916 0.0082288
1570
-0.586114 2.62162 -0.797624 2.62162
0.00439474 -0.000414503 -0.00315152 0.005958
-0.000414503 0.00300057 3.60339e-005 -0.000853216
-0.00315152 3.60339e-005 0.0023175 -0.00423165
0.005958 -0.000853216 -0.00423165 0.00875879
2286
27931
<<<
3
0.85401 1.96059 -0.482939 1.96059
0.000640615 -0.000362198 0.00101852 -0.00250879
-0.000362198 0.00521704 -0.00171311 0.00271217
0.00101852 -0.00171311 0.00193235 -0.00438098
-0.00250879 0.00271217 -0.00438098 0.0109402
1721
0.0411516 1.33009 -0.413663 1.33009
0.00565976 2.53609e-005 0.000468723 -0.00142533
2.53609e-005 0.000489965 0.000842184 -0.00237058
0.000468723 0.000842184 0.00153565 -0.0041537
-0.00142533 -0.00237058 -0.0041537 0.0119639
3562
-0.60037 2.59384 -0.789816 2.59384
0.00327041 -0.000172399 -0.00251935 0.0043165
-0.000172399 0.00256034 -7.8253e-006 -0.000378389
-0.00251935 -7.8253e-006 0.00196259 -0.00330991
0.0043165 -0.000378389 -0.00330991 0.00602586
2129
28403
<<<
3
0.898978 1.89052 -0.403031 1.89052
0.00116131 -0.00101574 0.00192516 -0.00449992
-0.00101574 0.00360367 -0.000635601 0.000721017
0.00192516 -0.000635601 0.0037555 -0.00885459
-0.00449992 0.000721017 -0.00885459 0.0218024
1643
-0.246546 1.32757 -0.364917 1.32757
0.00343541 0.00103174 0.000144887 -0.000603046
0.00103174 0.000882102 0.00115943 -0.00315665
0.000144887 0.00115943 0.00223027 -0.00583891
-0.000603046 -0.00315665 -0.00583891 0.0157042
2605
-0.397435 2.72749 -0.891814 2.72749
0.00559105 -0.00180402 -0.00215566 0.00348482
-0.00180402 0.00252374 0.000262764 -0.000866364
-0.00215566 0.000262764 0.000950589 -0.00137624
0.00348482 -0.000866364 -0.00137624 0.00261446
2844
28451
<<<
2
-0.220472 1.33665 -0.383865 1.33665
0.00417911 0.00136811 0.000535013 -0.00169552
0.00136811 0.00155059 0.00215398 -0.00597014
0.000535013 0.00215398 0.00370094 -0.0099716
-0.00169552 -0.00597014 -0.0099716 0.0275158
3045
-0.410751 2.72312 -0.88865 2.72312
0.00471865 -0.000674171 -0.00214065 0.00288653
-0.000674171 0.00188277 -2.97862e-005 -0.000174897
-0.00214065 -2.97862e-005 0.00104604 -0.00134339
0.00288653 -0.000174897 -0.00134339 0.00218862
2434
28510
<<<
2
-0.136322 1.30976 -0.398606 1.30976
0.00505087 0.000750524 -9.53955e-005 -7.48174e-005
0.000750524 0.000748981 0.00112842 -0.00316395
-9.53955e-005 0.00112842 0.00212324 -0.00563472
-7.48174e-005 -0.00316395 -0.00563472 0.0157763
3446
-0.451034 2.72302 -0.870795 2.72302
0.00454733 -0.000638716 -0.00227713 0.00350829
-0.000638716 0.00202286 -3.21896e-005 -0.000237708
-0.00227713 -3.21896e-005 0.0012186 -0.0017928
0.00350829 -0.000237708 -0.0017928 0.00306252
2233
28563
<<<
2
-0.00894861 1.30646 -0.427676 1.30646
0.00499859 -0.000811343 -0.00105108 0.00503217
-0.000811343 0.000582455 0.000868825 -0.00295033
-0.00105108 0.000868825 0.00135826 -0.004397
0.00503217 -0.00295033 -0.004397 0.0155449
2971
-0.146546 1.30793 -0.416176 1.30793
0.00114133 0.000631491 0.00072503 -0.00258137
0.000631491 0.00147808 0.00249173 -0.00668824
0.00072503 0.00249173 0.00436459 -0.0114159
-0.00258137 -0.00668824 -0.0114159 0.0304875
1204
28614
<<<
3
-0.551614 2.67181 -0.819462 2.67181
0.00210012 -0.000183531 -0.001354 0.00205078
-0.000183531 0.00210939 -0.000123053 -5.45855e-005
-0.001354 -0.000123053 0.000908459 -0.00133638
0.00205078 -5.45855e-005 -0.00133638 0.0023283
1296
-0.00560151 1.2912 -0.433623 1.2912
0.00587708 3.2264e-005 -0.0001882 -0.000306733
3.2264e-005 0.000630912 0.00106178 -0.00293991
-0.0001882 0.00106178 0.00187007 -0.00490753
-0.000306733 -0.00293991 -0.00490753 0.0139793
4280
0.897975 1.88209 -0.40829 1.88209
0.000534694 0.00014905 0.000918873 -0.00243227
0.00014905 0.00227359 -0.000443713 0.000148379
0.000918873 -0.000443713 0.00182468 -0.00445059
-0.00243227 0.000148379 -0.00445059 0.0116119
1188
28643
<<<
3
0.110582 1.29596 -0.455496 1.29596
0.00495684 -0.00126723 -0.000660594 0.00370586
-0.00126723 0.000794851 0.000830913 -0.00304263
-0.000660594 0.000830913 0.00107141 -0.00345794
0.00370586 -0.00304263 -0.00345794 0.0125279
3560
-0.526925 2.70908 -0.835351 2.70908
0.00511431 -0.000433707 -0.00309921 0.00569894
-0.000433707 0.00247411 3.04015e-005 -0.00068979
-0.00309921 3.04015e-005 0.00192296 -0.00341711
0.00569894 -0.00068979 -0.00341711 0.00678195
2028
-0.0558037 1.41728 -0.478991 1.41728
0.00249818 0.00228217 0.00300389 -0.00968877
0.00228217 0.00546855 0.00779884 -0.0227877
0.00300389 0.00779884 0.0113313 -0.0327227
-0.00968877 -0.0227877 -0.0327227 0.0956346
1452
28709
<<<
1
0.191971 1.25851 -0.457958 1.25851
0.00630216 -0.00163184 -0.000290054 0.00116839
-0.00163184 0.000884659 0.000754707 -0.00233967
-0.000290054 0.000754707 0.00110308 -0.00299893
0.00116839 -0.00233967 -0.00299893 0.0095292
4806
28796
<<<
3
0.515502 1.26294 -0.430681 1.26294
0.00535318 -0.00273739 0.0014202 -0.0029627
-0.00273739 0.00182338 -0.000158863 -0.000145443
0.0014202 -0.000158863 0.00121617 -0.00298823
-0.0029627 -0.000145443 -0.00298823 0.00837102
4410
-0.544542 2.59315 -0.819473 2.59315
0.00670894 0.00288135 -0.00344315 0.00584868
0.00288135 0.00445649 -0.000551696 0.000728291
-0.00344315 -0.000551696 0.00207428 -0.003563
0.00584868 0.000728291 -0.003563 0.00637265
1758
-0.564729 2.60223 -0.818675 2.60223
0.00381196 0.000123346 -0.00255542 0.00466262
0.000123346 0.00073231 -1.91287e-005 -0.000746223
-0.00255542 -1.91287e-005 0.00172927 -0.00319907
0.00466262 -0.000746223 -0.00319907 0.00706793
1322
28947
<<<
3
0.560354 1.25471 -0.428902 1.25471
0.00447226 -0.00262685 0.00132369 -0.00247261
-0.00262685 0.00203404 -0.000155402 -0.000413357
0.00132369 -0.000155402 0.00125035 -0.00305863
-0.00247261 -0.000413357 -0.00305863 0.00868608
4473
-0.502995 2.66466 -0.853563 2.66466
0.00498139 -0.000763655 -0.00269307 0.0068949
-0.000763655 0.00215443 0.000576034 -0.0027189
-0.00269307 0.000576034 0.00152002 -0.00384265
0.0068949 -0.0027189 -0.00384265 0.0113562
1880
-0.619316 2.5112 -0.774151 2.5112
0.000788013 0.000524418 -0.000484539 0.000595729
0.000524418 0.00131311 -0.000147453 9.85681e-005
-0.000484539 -0.000147453 0.000337361 -0.000418692
0.000595729 9.85681e-005 -0.000418692 0.000697002
1087
28976
<<<
2
0.560341 1.25994 -0.433911 1.25994
0.00459921 -0.00204317 0.0021816 -0.00515598
-0.00204317 0.00155332 -0.000174958 -7.15449e-005
0.0021816 -0.000174958 0.00207779 -0.00532361
-0.00515598 -7.15449e-005 -0.00532361 0.0147791
4617
-0.557839 2.59245 -0.817709 2.59245
0.00437082 -3.36109e-005 -0.00282689 0.00524407
-3.36109e-005 0.00268473 0.000438419 -0.00152874
-0.00282689 0.000438419 0.00191413 -0.00359716
0.00524407 -0.00152874 -0.00359716 0.00750404
3112
29010
<<<
2
-0.555117 2.61836 -0.823629 2.61836
0.00458781 -0.000779067 -0.0030062 0.00570352
-0.000779067 0.00304105 0.000757343 -0.00233308
-0.0030062 0.000757343 0.0020098 -0.00383266
0.00570352 -0.00233308 -0.00383266 0.0080826
2873
0.518896 1.25102 -0.4371 1.25102
0.00373977 -0.00176122 0.00144988 -0.00265077
-0.00176122 0.00136226 1.5334e-005 -0.000812574
0.00144988 1.5334e-005 0.00152865 -0.00367123
-0.00265077 -0.000812574 -0.00367123 0.010244
4550
29049
<<<
2
0.414929 1.25993 -0.447778 1.25993
0.00556317 -0.00111989 0.00274219 -0.00660362
-0.00111989 0.000861613 0.000292879 -0.00119759
0.00274219 0.000292879 0.00253289 -0.00658333
-0.00660362 -0.00119759 -0.00658333 0.018296
4852
-0.52262 2.67995 -0.844067 2.67995
0.007197 -0.00127063 -0.00404842 0.00869486
-0.00127063 0.00488135 0.000829373 -0.0032303
-0.00404842 0.000829373 0.00233837 -0.00489123
0.00869486 -0.0032303 -0.00489123 0.0115866
2754
29105
<<<
2
-0.508348 2.69649 -0.853022 2.69649
0.00570731 -0.00131858 -0.00321562 0.00604266
-0.00131858 0.00413682 0.000614465 -0.00222633
-0.00321562 0.000614465 0.0018467 -0.00334768
0.00604266 -0.00222633 -0.00334768 0.00700117
2554
0.324873 1.23142 -0.429497 1.23142
0.00514109 -0.00150665 0.00111592 -0.00143163
-0.00150665 0.000897568 0.000348181 -0.00161904
0.00111592 0.000348181 0.00130165 -0.00328696
-0.00143163 -0.00161904 -0.00328696 0.00986919
4565
29153
<<<
2
-0.466754 2.75459 -0.868703 2.75459
0.00742961 -0.00137594 -0.00362853 0.00711449
-0.00137594 0.00519808 0.000292027 -0.00185589
-0.00362853 0.000292027 0.00185189 -0.00340994
0.00711449 -0.00185589 -0.00340994 0.00726316
2475
0.158147 1.24834 -0.435992 1.24834
0.00621499 -0.000212224 0.00155274 -0.00409314
-0.000212224 0.000546359 0.000814587 -0.00226577
0.00155274 0.000814587 0.00184169 -0.00487546
-0.00409314 -0.00226577 -0.00487546 0.0137931
4734
29188
<<<
2
0.00828657 1.26142 -0.422549 1.26142
0.00662176 0.00140051 0.00242655 -0.00688884
0.00140051 0.00153917 0.00246364 -0.00709361
0.00242655 0.00246364 0.00405866 -0.0114248
-0.00688884 -0.00709361 -0.0114248 0.0331471
4540
-0.426144 2.76651 -0.884644 2.76651
0.0047386 -0.00088489 -0.00215795 0.00297853
-0.00088489 0.00290878 2.85523e-005 -0.000377223
-0.00215795 2.85523e-005 0.00105074 -0.00136903
0.00297853 -0.000377223 -0.00136903 0.00225227
1967
29282
<<<
2
-0.180632 1.25105 -0.366181 1.25105
0.00514195 0.000941926 4.03991e-005 0.00057526
0.000941926 0.000735728 0.00110684 -0.00291819
4.03991e-005 0.00110684 0.00222555 -0.00588458
0.00057526 -0.00291819 -0.00588458 0.016479
3425
-0.232333 2.85579 -0.938525 2.85579
0.00838451 -0.00407897 -0.000682189 0.00538473
-0.00407897 0.00363854 -5.59068e-005 -0.00220735
-0.000682189 -5.59068e-005 0.000186102 -0.000506092
0.00538473 -0.00220735 -0.000506092 0.0039426
2387
29326
<<<
3
-0.229428 1.26424 -0.372465 1.26424
0.00395021 0.00118884 0.000286235 -0.000952806
0.00118884 0.00115725 0.00161093 -0.00441
0.000286235 0.00161093 0.002999 -0.00794563
-0.000952806 -0.00441 -0.00794563 0.0217221
3420
-0.361589 2.79058 -0.911627 2.79058
0.00393137 -0.000299398 -0.00157397 0.00144759
-0.000299398 0.00307807 -0.00031532 0.000183316
-0.00157397 -0.00031532 0.000706735 -0.000613912
0.00144759 0.000183316 -0.000613912 0.000893277
1790
-0.198828 2.87411 -0.944488 2.87411
0.00249592 -0.00144752 -9.03313e-005 0.00179168
-0.00144752 0.00206497 -0.000245359 -0.000471721
-9.03313e-005 -0.000245359 8.28066e-005 -0.000202976
0.00179168 -0.000471721 -0.000202976 0.00179067
1146
29402
<<<
3
-0.228885 1.25246 -0.370082 1.25246
0.00402034 0.000950822 -0.000164923 0.000387408
0.000950822 0.000782167 0.00105231 -0.00286057
-0.000164923 0.00105231 0.00221244 -0.00578421
0.000387408 -0.00286057 -0.00578421 0.0158696
3391
-0.146569 2.93208 -0.94955 2.93208
0.00783107 -0.00069442 -0.000583276 0.00622808
-0.00069442 0.00278281 -0.000529055 -7.34433e-005
-0.000583276 -0.000529055 0.000195359 -0.000609929
0.00622808 -7.34433e-005 -0.000609929 0.00569692
1146
-0.355989 2.79791 -0.91167 2.79791
0.00455487 -0.00040352 -0.00178087 0.00196796
-0.00040352 0.00178043 -0.000160996 -2.13691e-005
-0.00178087 -0.000160996 0.000764417 -0.000788857
0.00196796 -2.13691e-005 -0.000788857 0.00123882
2067
29445
<<<
3
-0.343707 2.82287 -0.911418 2.82287
0.00767241 -0.00206496 -0.00243151 0.0049275
-0.00206496 0.0029823 0.000142592 -0.00110744
-0.00243151 0.000142592 0.000920497 -0.00154433
0.0049275 -0.00110744 -0.00154433 0.0036913
2721
-0.217321 1.31598 -0.401098 1.31598
0.00424841 0.00197036 0.00131584 -0.00436042
0.00197036 0.00325165 0.00440206 -0.0127585
0.00131584 0.00440206 0.0067043 -0.0189446
-0.00436042 -0.0127585 -0.0189446 0.0544387
3780
0.913675 1.93975 -0.380528 1.93975
0.00157592 -0.000712045 0.00283957 -0.00705425
-0.000712045 0.00493606 -0.000209935 -0.000879612
0.00283957 -0.000209935 0.00550728 -0.0138877
-0.00705425 -0.000879612 -0.0138877 0.0360338
1151
29473
<<<
2
-0.377855 2.82131 -0.89733 2.82131
0.0080951 -0.00251507 -0.00274877 0.00607257
-0.00251507 0.00279577 0.00036446 -0.00174589
-0.00274877 0.00036446 0.00109528 -0.00205034
0.00607257 -0.00174589 -0.00205034 0.00494281
2513
-0.171678 1.26698 -0.395436 1.26698
0.00494499 0.00102023 -1.32158e-005 -0.000547067
0.00102023 0.00106782 0.00153192 -0.00438606
-1.32158e-005 0.00153192 0.00283417 -0.00764567
-0.000547067 -0.00438606 -0.00764567 0.0216235
3857
29507
<<<
3
0.914377 1.89577 -0.391595 1.89577
0.00112109 -3.96697e-005 0.00217356 -0.00538598
-3.96697e-005 0.00311656 0.000114088 -0.0015777
0.00217356 0.000114088 0.00434474 -0.0107401
-0.00538598 -0.0015777 -0.0107401 0.0275423
1218
-0.14514 1.2595 -0.40272 1.2595
0.0052865 0.000776174 -0.000167761 0.000214545
0.000776174 0.000879457 0.00132876 -0.00377267
-0.000167761 0.00132876 0.00248052 -0.00670218
0.000214545 -0.00377267 -0.00670218 0.019194
4028
-0.333261 2.8639 -0.908741 2.8639
0.00509323 -0.00248899 -0.000958629 0.00423717
-0.00248899 0.00304242 -3.26792e-005 -0.00155205
-0.000958629 -3.26792e-005 0.000350379 -0.000903789
0.00423717 -0.00155205 -0.000903789 0.00405097
1614
29542
<<<
3
-0.142846 1.24606 -0.400583 1.24606
0.0051656 0.00101576 0.000214482 -0.00123053
0.00101576 0.000974694 0.00142691 -0.00409699
0.000214482 0.00142691 0.00256716 -0.00692973
-0.00123053 -0.00409699 -0.00692973 0.0197556
4096
0.919153 1.88806 -0.380596 1.88806
0.000761264 -0.00025722 0.00155066 -0.00377544
-0.00025722 0.00317543 -0.00013044 -0.000793601
0.00155066 -0.00013044 0.0033029 -0.0080858
-0.00377544 -0.000793601 -0.0080858 0.0205871
1097
-0.374385 2.82311 -0.894206 2.82311
0.00799059 -0.00298605 -0.00246496 0.00580104
-0.00298605 0.00286327 0.000364985 -0.0019543
-0.00246496 0.000364985 0.000979873 -0.00183016
0.00580104 -0.0019543 -0.00183016 0.00467823
2333
29572
<<<
3
-0.387953 2.80546 -0.89484 2.80546
0.00611649 -0.00191136 -0.00229859 0.00375756
-0.00191136 0.00273485 0.000260315 -0.000925803
-0.00229859 0.000260315 0.00098831 -0.00144772
0.00375756 -0.000925803 -0.00144772 0.00268132
2308
-0.143045 1.23338 -0.388964 1.23338
0.00507065 0.000896214 0.000104333 -0.000655797
0.000896214 0.000760078 0.00114317 -0.003186
0.000104333 0.00114317 0.00218155 -0.00573669
-0.000655797 -0.003186 -0.00573669 0.0160291
3935
0.916466 1.90025 -0.378407 1.90025
0.00123511 -0.00133937 0.00221742 -0.00488139
-0.00133937 0.00541207 -0.00158788 0.00178764
0.00221742 -0.00158788 0.00429172 -0.00972044
-0.00488139 0.00178764 -0.00972044 0.0234714
1135
29635
<<<
2
-0.296966 2.86005 -0.918877 2.86005
0.00604177 -0.00287241 -0.00109872 0.00395224
-0.00287241 0.00306122 3.03097e-005 -0.00158065
-0.00109872 3.03097e-005 0.000378293 -0.000746374
0.00395224 -0.00158065 -0.000746374 0.00303371
1889
-0.154112 1.24021 -0.394131 1.24021
0.00499563 0.000779148 -0.000186546 0.000239811
0.000779148 0.000574707 0.000822791 -0.00225469
-0.000186546 0.000822791 0.00167992 -0.00429267
0.000239811 -0.00225469 -0.00429267 0.0118541
3946
29679
<<<
2
-0.341063 2.81795 -0.915086 2.81795
0.00566586 -0.000732409 -0.00198098 0.00254396
-0.000732409 0.00177131 -7.91938e-005 -0.000194397
-0.00198098 -7.91938e-005 0.000774423 -0.000904912
0.00254396 -0.000194397 -0.000904912 0.00146921
2043
-0.122335 1.22725 -0.405126 1.22725
0.00420085 0.00024864 -0.000799794 0.00138369
0.00024864 0.000379098 0.000658356 -0.00173441
-0.000799794 0.000658356 0.00155967 -0.00376125
0.00138369 -0.00173441 -0.00376125 0.00973276
4177
29749
<<<
3
-0.564181 2.57411 -0.794382 2.57411
0.00493774 0.00201632 -0.00260826 0.00397797
0.00201632 0.00347671 -0.000361827 -0.00144027
-0.00260826 -0.000361827 0.00160513 -0.00293852
0.00397797 -0.00144027 -0.00293852 0.00818006
2700
0.828836 1.26452 -0.468778 1.26452
0.00151424 -0.00258677 0.00112802 -0.000980886
-0.00258677 0.00761501 -0.00042801 -0.00161239
0.00112802 -0.00042801 0.00170849 -0.0024925
-0.000980886 -0.00161239 -0.0024925 0.00455144
1430
0.567241 1.24557 -0.462216 1.24557
0.0119965 -0.0105564 0.000572617 -0.00354405
-0.0105564 0.0109208 0.00161834 -0.000605342
0.000572617 0.00161834 0.0031091 -0.00551835
-0.00354405 -0.000605342 -0.00551835 0.0114915
1712
29784
<<<
2
-0.597289 2.39036 -0.660338 2.39036
0.0040655 0.0017308 -0.00207145 0.00325826
0.0017308 0.00330459 0.000792959 -0.00267141
-0.00207145 0.000792959 0.00218651 -0.00433913
0.00325826 -0.00267141 -0.00433913 0.00972476
1261
0.823705 1.20599 -0.55181 1.20599
0.000631946 -0.000562119 0.000746666 -0.00129657
-0.000562119 0.00309641 -0.000101641 0.00021863
0.000746666 -0.000101641 0.00103853 -0.00176652
-0.00129657 0.00021863 -0.00176652 0.0033909
4739
29945
<<<
2
-0.445091 2.71242 -0.884651 2.71242
0.00801829 -0.00451717 -0.00393873 0.0072888
-0.00451717 0.00865876 0.00193547 -0.00560233
-0.00393873 0.00193547 0.00203741 -0.00354712
0.0072888 -0.00560233 -0.00354712 0.00793078
2777
0.648889 1.14737 -0.425475 1.14737
0.00583066 -0.00421443 0.00158413 -0.00573114
-0.00421443 0.00450128 0.000858506 -0.000135835
0.00158413 0.000858506 0.00342305 -0.00780724
-0.00573114 -0.000135835 -0.00780724 0.0208369
2049
29976
<<<
3
0.0509382 2.81838 -0.985318 2.81838
0.011366 -0.0019112 0.000844325 0.00270174
-0.0019112 0.00264425 -0.000320289 -0.000167938
0.000844325 -0.000320289 9.99808e-005 0.000214551
0.00270174 -0.000167938 0.000214551 0.00103544
4607
-0.20208 1.28673 -0.316539 1.28673
0.00436669 0.000505824 -0.000939126 0.00276003
0.000505824 0.000678923 0.00140955 -0.0034304
-0.000939126 0.00140955 0.00398939 -0.00981921
0.00276003 -0.0034304 -0.00981921 0.0245656
2215
-0.203445 2.82087 -0.969286 2.82087
0.00332365 -0.00086901 -0.000566844 -0.00154852
-0.00086901 0.00494602 -0.000117039 0.000201571
-0.000566844 -0.000117039 0.000130871 0.000263462
-0.00154852 0.000201571 0.000263462 0.00114537
1214
30012
<<<
3
-0.219135 2.82661 -0.966528 2.82661
0.00688119 -0.00071339 -0.00117395 0.00511019
-0.00071339 0.00230452 -0.000154009 -0.000899681
-0.00117395 -0.000154009 0.000265926 -0.000764356
0.00511019 -0.000899681 -0.000764356 0.00434378
2778
-0.102186 1.26516 -0.34454 1.26516
0.00334662 0.000267423 -0.000212148 -0.000477807
0.000267423 0.000911069 0.00201044 -0.00485809
-0.000212148 0.00201044 0.00476934 -0.0110796
-0.000477807 -0.00485809 -0.0110796 0.0269085
1954
-0.379532 2.74756 -0.915125 2.74756
0.00395317 0.003301 -0.0013632 0.00107053
0.003301 0.00648425 -0.00130598 0.00146455
-0.0013632 -0.00130598 0.000514457 -0.000325614
0.00107053 0.00146455 -0.000325614 0.000926514
1209
30072
<<<
3
0.0550897 1.24986 -0.37464 1.24986
0.00582475 0.000274869 0.00126327 -0.00297433
0.000274869 0.000652188 0.0012834 -0.00351346
0.00126327 0.0012834 0.00268721 -0.00711852
-0.00297433 -0.00351346 -0.00711852 0.0196518
3713
-0.41268 2.74454 -0.901046 2.74454
0.00402344 -0.000562266 -0.00181896 0.00215243
-0.000562266 0.00284884 1.54611e-005 -0.000345183
-0.00181896 1.54611e-005 0.000850964 -0.000962397
0.00215243 -0.000345183 -0.000962397 0.00148491
2244
-0.226052 2.88788 -0.947676 2.88788
0.00477535 -0.00262642 -0.000408139 0.00458526
-0.00262642 0.00332895 -0.000113942 -0.00215752
-0.000408139 -0.000113942 0.00011072 -0.000467346
0.00458526 -0.00215752 -0.000467346 0.00476833
1188
30117
<<<
2
-0.0178754 1.15628 -0.319042 1.15628
0.00649539 0.000515448 0.00175369 -0.0024536
0.000515448 0.000244269 0.000643468 -0.00145382
0.00175369 0.000643468 0.00190813 -0.00391845
-0.0024536 -0.00145382 -0.00391845 0.00928744
3030
-0.275897 2.80231 -0.941411 2.80231
0.00974399 -0.00427996 -0.00200115 0.00512524
-0.00427996 0.00426957 0.000477127 -0.00238119
-0.00200115 0.000477127 0.000538775 -0.000931217
0.00512524 -0.00238119 -0.000931217 0.00346433
3453
30143
<<<
2
-0.109379 1.30724 -0.368907 1.30724
0.00509922 0.00158695 0.00172223 -0.00439344
0.00158695 0.00258576 0.00437378 -0.0119043
0.00172223 0.00437378 0.00779409 -0.0210497
-0.00439344 -0.0119043 -0.0210497 0.057602
3481
-0.190937 2.85678 -0.960743 2.85678
0.0104545 -0.00381136 -0.000989001 0.00750061
-0.00381136 0.00287607 0.000163639 -0.00261978
-0.000989001 0.000163639 0.000153716 -0.000704766
0.00750061 -0.00261978 -0.000704766 0.00575743
2883
30175
<<<
3
-0.0365481 1.25151 -0.373691 1.25151
0.00575627 -0.000127102 -0.000611968 0.00253928
-0.000127102 0.000528573 0.0010559 -0.00286672
-0.000611968 0.0010559 0.00223575 -0.00582792
0.00253928 -0.00286672 -0.00582792 0.0163576
3559
-0.246498 2.85334 -0.945897 2.85334
0.00805545 -0.00400366 -0.000999337 0.00598611
-0.00400366 0.0038482 0.000127462 -0.00282704
-0.000999337 0.000127462 0.000237028 -0.000735614
0.00598611 -0.00282704 -0.000735614 0.00487003
2399
-0.420363 2.74632 -0.896578 2.74632
0.00296103 0.00106073 -0.00131188 0.000564007
0.00106073 0.00392952 -0.000748414 0.000729515
-0.00131188 -0.000748414 0.000618068 -0.000276817
0.000564007 0.000729515 -0.000276817 0.000638299
1101
30214
<<<
2
-0.043908 1.22108 -0.375891 1.22108
0.00497501 0.000598247 0.000699301 -0.00180076
0.000598247 0.000597899 0.00111979 -0.00301403
0.000699301 0.00111979 0.0021969 -0.00576389
-0.00180076 -0.00301403 -0.00576389 0.0157562
3849
-0.24044 2.85289 -0.943511 2.85289
0.00786548 -0.00418093 -0.000895901 0.00507791
-0.00418093 0.00427822 8.87762e-005 -0.00245474
-0.000895901 8.87762e-005 0.000215376 -0.000574809
0.00507791 -0.00245474 -0.000574809 0.00369144
2345
30256
<<<
2
-0.246351 2.85994 -0.948912 2.85994
0.0078958 -0.00288169 -0.00127862 0.00599559
-0.00288169 0.00261993 0.000179966 -0.00216117
-0.00127862 0.000179966 0.000290462 -0.000915487
0.00599559 -0.00216117 -0.000915487 0.00495884
2290
-0.036659 1.22213 -0.376885 1.22213
0.0049915 -0.000138783 -0.000605667 0.00223393
-0.000138783 0.000455032 0.00091577 -0.00248195
-0.000605667 0.00091577 0.00194544 -0.00506857
0.00223393 -0.00248195 -0.00506857 0.0142181
3819
30339
<<<
3
-0.591903 2.50707 -0.748608 2.50707
0.00458146 0.00202939 -0.00253022 0.00318646
0.00202939 0.00267222 -0.000314308 -0.000568372
-0.00253022 -0.000314308 0.00180563 -0.00273863
0.00318646 -0.000568372 -0.00273863 0.00639527
1273
0.807566 1.219 -0.504916 1.219
0.0019245 -0.00379893 0.000897321 -0.000781346
-0.00379893 0.00984226 -0.000565773 -0.00101344
0.000897321 -0.000565773 0.00120023 -0.00185381
-0.000781346 -0.00101344 -0.00185381 0.00365738
3104
0.472549 1.24392 -0.470139 1.24392
0.00516269 -0.00406381 -0.00134997 -0.000138738
-0.00406381 0.00447615 0.0030128 -0.00389282
-0.00134997 0.0030128 0.00356286 -0.00646774
-0.000138738 -0.00389282 -0.00646774 0.0139305
1123
30396
<<<
1
0.776855 1.19142 -0.599285 1.19142
0.00139121 -0.000614017 0.00139997 -0.0035391
-0.000614017 0.00149569 -0.0002763 0.00078046
0.00139997 -0.0002763 0.00153869 -0.00366697
-0.0035391 0.00078046 -0.00366697 0.0101998
7313
30453
<<<
1
0.798001 1.19656 -0.564862 1.19656
0.00184466 -0.0015378 0.00174956 -0.00417317
-0.0015378 0.00324449 -0.000843604 0.00200508
0.00174956 -0.000843604 0.00192333 -0.0043411
-0.00417317 0.00200508 -0.0043411 0.0115555
6720
30578
<<<
2
0.120256 1.25317 -0.287812 1.25317
0.00484803 -6.10826e-005 0.00145801 -0.00274537
-6.10826e-005 0.000416391 0.00105682 -0.00285521
0.00145801 0.00105682 0.00332382 -0.00836672
-0.00274537 -0.00285521 -0.00836672 0.0218512
2062
-0.274252 2.7514 -0.954497 2.7514
0.00809998 -0.00370417 -0.00208084 0.00375341
-0.00370417 0.00338271 0.000875734 -0.00201066
-0.00208084 0.000875734 0.000582118 -0.000847411
0.00375341 -0.00201066 -0.000847411 0.00246728
4595
30673
<<<
3
-0.299417 2.73588 -0.949417 2.73588
0.00484867 -0.000973255 -0.00157317 0.000750554
-0.000973255 0.00354827 0.000628178 -0.000212992
-0.00157317 0.000628178 0.000558804 -0.000233858
0.000750554 -0.000212992 -0.000233858 0.00046939
2963
-0.14047 2.82313 -0.98064 2.82313
0.00795508 -0.00177487 -0.00117802 0.00453862
-0.00177487 0.00175417 0.000137644 -0.00102892
-0.00117802 0.000137644 0.000214402 -0.000600126
0.00453862 -0.00102892 -0.000600126 0.00300617
2168
0.132822 1.33252 -0.306957 1.33252
0.00217208 -0.000635323 -0.000432971 0.00287229
-0.000635323 0.00188455 0.00391031 -0.0113082
-0.000432971 0.00391031 0.00872773 -0.0242776
0.00287229 -0.0113082 -0.0242776 0.069152
1557
30731
<<<
3
0.122413 1.24877 -0.294389 1.24877
0.00421217 -0.000374848 0.000413245 -0.000255072
-0.000374848 0.000382186 0.000859248 -0.00236909
0.000413245 0.000859248 0.00242441 -0.00618392
-0.000255072 -0.00236909 -0.00618392 0.0165325
2112
-0.0574865 2.89257 -0.984861 2.89257
0.00661805 -0.000878111 -2.9492e-005 0.00506605
-0.000878111 0.00269084 -0.000268537 -0.000507053
-2.9492e-005 -0.000268537 5.68231e-005 -5.56866e-005
0.00506605 -0.000507053 -5.56866e-005 0.00437449
1835
-0.296277 2.74528 -0.950354 2.74528
0.00505401 -0.00131687 -0.0015727 0.0012785
-0.00131687 0.00251437 0.000420601 -0.000448123
-0.0015727 0.000420601 0.000504519 -0.000358701
0.0012785 -0.000448123 -0.000358701 0.000740627
3712
30817
<<<
3
0.0981819 1.25347 -0.295242 1.25347
0.00457781 0.000112055 0.00137138 -0.00320843
0.000112055 0.000359772 0.000963652 -0.00247433
0.00137138 0.000963652 0.00290533 -0.00725004
-0.00320843 -0.00247433 -0.00725004 0.0184844
2131
-0.0491804 2.89504 -0.985543 2.89504
0.00687436 -0.0010254 6.01494e-005 0.00520814
-0.0010254 0.00284359 -0.000288525 -0.000625542
6.01494e-005 -0.000288525 6.02379e-005 7.99103e-006
0.00520814 -0.000625542 7.99103e-006 0.004468
1887
-0.291136 2.7467 -0.952166 2.7467
0.00485671 -0.00128246 -0.00149299 0.00115676
-0.00128246 0.00204179 0.000362433 -0.000477437
-0.00149299 0.000362433 0.000470606 -0.00032391
0.00115676 -0.000477437 -0.00032391 0.000656234
3655
30871
<<<
3
-0.296762 2.74653 -0.95001 2.74653
0.00524401 -0.00141759 -0.00163467 0.00141219
-0.00141759 0.00240677 0.000422754 -0.000548835
-0.00163467 0.000422754 0.00052483 -0.000404485
0.00141219 -0.000548835 -0.000404485 0.000752629
3800
0.0842436 1.29025 -0.308421 1.29025
0.00531319 0.000478212 0.00210653 -0.00517226
0.000478212 0.000749433 0.00189163 -0.00494731
0.00210653 0.00189163 0.00505179 -0.0129807
-0.00517226 -0.00494731 -0.0129807 0.0338142
2297
-0.0413274 2.91359 -0.987928 2.91359
0.00582294 0.000689175 -1.15825e-005 0.00449968
0.000689175 0.00419312 -0.000101441 0.000816474
-1.15825e-005 -0.000101441 2.82553e-005 -3.18011e-005
0.00449968 0.000816474 -3.18011e-005 0.00397247
1386
30920
<<<
3
-0.303505 2.74007 -0.948556 2.74007
0.00457203 -0.00108109 -0.00150048 0.00084739
-0.00108109 0.00247819 0.000410758 -0.000303548
-0.00150048 0.000410758 0.000505271 -0.000256831
0.00084739 -0.000303548 -0.000256831 0.000526828
3350
0.0759807 1.26905 -0.294076 1.26905
0.00508071 0.00019231 0.00140723 -0.00307066
0.00019231 0.000494923 0.00129938 -0.00341767
0.00140723 0.00129938 0.00367285 -0.00935905
-0.00307066 -0.00341767 -0.00935905 0.0244258
2099
-0.0742765 2.86898 -0.984378 2.86898
0.00740164 -0.0015083 -0.00023064 0.00570448
-0.0015083 0.0024021 -0.000201802 -0.000894348
-0.00023064 -0.000201802 6.0616e-005 -0.000237725
0.00570448 -0.000894348 -0.000237725 0.00507508
2267
30970
<<<
2
-0.469923 2.4428 -0.707636 2.4428
0.00258398 -0.000100861 -0.00170993 0.0027314
-0.000100861 0.000968027 0.000708263 -0.00192102
-0.00170993 0.000708263 0.00157386 -0.00301283
0.0027314 -0.00192102 -0.00301283 0.0065778
2074
0.897003 1.20813 -0.427676 1.20813
0.000630958 -0.000599217 0.00101284 -0.00247897
-0.000599217 0.00432416 -0.000197513 0.000984739
0.00101284 -0.000197513 0.00185457 -0.0041898
-0.00247897 0.000984739 -0.0041898 0.0105121
4926
31077
<<<
2
-0.420656 2.48228 -0.726482 2.48228
0.00384498 -0.000611865 -0.00243255 0.00416448
-0.000611865 0.000998205 0.000995659 -0.00233914
-0.00243255 0.000995659 0.00198367 -0.00377543
0.00416448 -0.00233914 -0.00377543 0.0078344
2196
0.901625 1.22517 -0.412473 1.22517
0.00090987 -0.000482552 0.00166061 -0.00363027
-0.000482552 0.00337074 -0.000178171 0.000740828
0.00166061 -0.000178171 0.00334603 -0.00686346
-0.00363027 0.000740828 -0.00686346 0.0162243
4500
31141
<<<
3
0.907825 1.2282 -0.407747 1.2282
0.000942259 0.000296758 0.00161187 -0.00429422
0.000296758 0.00271332 0.000141219 -0.000209549
0.00161187 0.000141219 0.00293156 -0.00742251
-0.00429422 -0.000209549 -0.00742251 0.0204339
4801
-0.383615 2.48338 -0.723495 2.48338
0.00386225 -0.000346426 -0.00221196 0.00346089
-0.000346426 0.00122157 0.00102788 -0.00244772
-0.00221196 0.00102788 0.00187529 -0.0034727
0.00346089 -0.00244772 -0.0034727 0.00717437
2085
-0.326223 2.20496 -0.565796 2.20496
0.00286749 -0.000952957 -0.000496586 -0.000201542
-0.000952957 0.00233719 -0.00227021 0.00621454
-0.000496586 -0.00227021 0.00310558 -0.00744132
-0.000201542 0.00621454 -0.00744132 0.0193778
1157
31228
<<<
3
-0.396699 2.47213 -0.714852 2.47213
0.00369991 -0.000311943 -0.00229038 0.00343752
-0.000311943 0.000971632 0.000852013 -0.00200682
-0.00229038 0.000852013 0.00189984 -0.00334415
0.00343752 -0.00200682 -0.00334415 0.00659136
1970
0.91161 1.21 -0.405819 1.21
0.000446306 -0.000152349 0.000900219 -0.00203309
-0.000152349 0.00159396 -0.000338216 0.00126418
0.000900219 -0.000338216 0.00186025 -0.00406483
-0.00203309 0.00126418 -0.00406483 0.00975768
4633
-0.322975 2.23122 -0.574365 2.23122
0.00327368 -0.00204117 0.00037695 -0.0030085
-0.00204117 0.00373519 -0.0030907 0.00915215
0.00037695 -0.0030907 0.00344078 -0.00888462
-0.0030085 0.00915215 -0.00888462 0.0249726
1200
31273
<<<
2
0.912104 1.21191 -0.402975 1.21191
0.000459625 9.59978e-005 0.000904513 -0.00207582
9.59978e-005 0.00229554 1.70514e-005 0.000331697
0.000904513 1.70514e-005 0.00185624 -0.004069
-0.00207582 0.000331697 -0.004069 0.00997819
4678
-0.303836 2.19829 -0.567008 2.19829
0.00465036 6.88707e-005 -0.00216825 0.00350844
6.88707e-005 0.0020395 -0.00244182 0.00593577
-0.00216825 -0.00244182 0.00397253 -0.00876993
0.00350844 0.00593577 -0.00876993 0.0207577
1170
31335
<<<
1
0.91223 1.21834 -0.402337 1.21834
0.000544539 6.02659e-005 0.00104235 -0.00251599
6.02659e-005 0.00239694 -6.36074e-005 0.000458395
0.00104235 -6.36074e-005 0.00208067 -0.00479615
-0.00251599 0.000458395 -0.00479615 0.0122109
4683
31382
<<<
3
-0.328989 2.21284 -0.565757 2.21284
0.00446054 -0.00192772 -0.000517974 -0.00157186
-0.00192772 0.00330633 -0.00269166 0.00814128
-0.000517974 -0.00269166 0.00357771 -0.00870781
-0.00157186 0.00814128 -0.00870781 0.0238135
1241
-0.377362 2.48334 -0.725679 2.48334
0.00514996 -0.000919904 -0.00307211 0.00511253
-0.000919904 0.00134103 0.00134065 -0.00306116
-0.00307211 0.00134065 0.00242315 -0.0045561
0.00511253 -0.00306116 -0.0045561 0.00945687
2136
0.911012 1.22476 -0.403777 1.22476
0.000705996 -0.000210567 0.00132548 -0.00329368
-0.000210567 0.00248685 -0.000499834 0.00181414
0.00132548 -0.000499834 0.0025763 -0.00617044
-0.00329368 0.00181414 -0.00617044 0.0160232
4721
31433
<<<
3
0.909566 1.21755 -0.406944 1.21755
0.000532817 8.30995e-005 0.00101197 -0.00240918
8.30995e-005 0.0023655 -7.80298e-005 0.000538159
0.00101197 -7.80298e-005 0.00201373 -0.00459115
-0.00240918 0.000538159 -0.00459115 0.0116029
4733
-0.393261 2.46417 -0.712303 2.46417
0.00356359 -0.000240822 -0.00219772 0.0032507
-0.000240822 0.000847437 0.000747285 -0.00173908
-0.00219772 0.000747285 0.00180559 -0.00311802
0.0032507 -0.00173908 -0.00311802 0.00601962
1911
-0.335983 2.19706 -0.562771 2.19706
0.00269376 -0.000842327 -0.00061098 0.000111415
-0.000842327 0.00176933 -0.00169748 0.00464088
-0.00061098 -0.00169748 0.00256882 -0.00591827
0.000111415 0.00464088 -0.00591827 0.0150641
1129
31488
<<<
2
0.907087 1.24343 -0.411203 1.24343
0.00151352 -0.000876774 0.00245832 -0.00675896
-0.000876774 0.00233739 -0.00135743 0.00406112
0.00245832 -0.00135743 0.00414218 -0.0110128
-0.00675896 0.00406112 -0.0110128 0.0307927
4867
-0.400903 2.50887 -0.743116 2.50887
0.00317536 -0.000166902 -0.00179057 0.00261994
-0.000166902 0.0015034 0.00107025 -0.00269051
-0.00179057 0.00107025 0.00166343 -0.00313453
0.00261994 -0.00269051 -0.00313453 0.00676603
2297
31508
<<<
3
0.831051 1.17494 -0.347593 1.17494
0.00203334 -0.00267347 0.00145984 -0.00312082
-0.00267347 0.00477337 -0.000676064 0.00143658
0.00145984 -0.000676064 0.00247199 -0.00510024
-0.00312082 0.00143658 -0.00510024 0.0120316
2885
-0.468677 2.5789 -0.834324 2.5789
0.00562054 -0.000507101 -0.00299929 0.00569528
-0.000507101 0.00373194 0.00172334 -0.00273854
-0.00299929 0.00172334 0.00221207 -0.00391296
0.00569528 -0.00273854 -0.00391296 0.00741111
2529
-0.429381 2.75011 -0.887675 2.75011
0.00965708 -0.00258679 -0.00433768 0.0126641
-0.00258679 0.00352859 0.0016384 -0.00623801
-0.00433768 0.0016384 0.00207786 -0.00618179
0.0126641 -0.00623801 -0.00618179 0.0199642
1192
31574
<<<
2
-0.106364 2.88941 -0.981135 2.88941
0.0117326 0.0026684 -0.000646431 0.00886313
0.0026684 0.0116695 0.000776045 -0.00143673
-0.000646431 0.000776045 0.000157913 -0.000842352
0.00886313 -0.00143673 -0.000842352 0.00830382
1326
-0.383162 2.6481 -0.910359 2.6481
0.00655151 -0.00401634 -0.00329928 0.00484311
-0.00401634 0.00445175 0.00234621 -0.0034685
-0.00329928 0.00234621 0.00174942 -0.0024894
0.00484311 -0.0034685 -0.0024894 0.00403295
4879
31617
<<<
1
-0.314275 2.69068 -0.940412 2.69068
0.00833077 -0.00169923 -0.00282235 0.0047329
-0.00169923 0.00168031 0.000719582 -0.00113274
-0.00282235 0.000719582 0.00100889 -0.00150261
0.0047329 -0.00113274 -0.00150261 0.00334149
5762
31642
<<<
2
-0.406574 2.67043 -0.902471 2.67043
0.00739817 -0.000826968 -0.00320885 0.00657096
-0.000826968 0.00221547 0.000577442 -0.00169165
-0.00320885 0.000577442 0.00145833 -0.00284061
0.00657096 -0.00169165 -0.00284061 0.00689199
5169
0.500437 1.26726 -0.299989 1.26726
0.00441881 -0.00223656 0.00145567 -0.00176847
-0.00223656 0.00159006 0.000134933 -0.00162478
0.00145567 0.000134933 0.00237627 -0.0057921
-0.00176847 -0.00162478 -0.0057921 0.0161341
2181
31721
<<<
2
-0.37971 2.68223 -0.916983 2.68223
0.00741648 -0.00237303 -0.00307219 0.00586627
-0.00237303 0.00255229 0.00113247 -0.00236489
-0.00307219 0.00113247 0.00132493 -0.00236776
0.00586627 -0.00236489 -0.00236776 0.00535931
5079
0.411123 1.24414 -0.281515 1.24414
0.00275476 -0.00100757 0.000938843 -0.00121507
-0.00100757 0.00078189 0.000576939 -0.0022541
0.000938843 0.000576939 0.00244912 -0.00649747
-0.00121507 -0.0022541 -0.00649747 0.0184489
2112
32042
<<<
2
0.864664 1.21008 -0.449101 1.21008
0.00118968 -0.00119638 0.00140203 -0.00309069
-0.00119638 0.0041438 -0.000243598 0.000671654
0.00140203 -0.000243598 0.00219778 -0.00465286
-0.00309069 0.000671654 -0.00465286 0.0117561
4908
-0.52962 2.4651 -0.71138 2.4651
0.00225008 6.44532e-005 -0.00154864 0.00252972
6.44532e-005 0.00140471 0.000754763 -0.00232797
-0.00154864 0.000754763 0.00153418 -0.00310327
0.00252972 -0.00232797 -0.00310327 0.0072423
2204
32072
<<<
2
0.870447 1.20729 -0.478977 1.20729
0.000516476 -0.000263992 0.000827933 -0.00179181
-0.000263992 0.00227434 9.83243e-005 0.000350631
0.000827933 9.83243e-005 0.00148808 -0.00295195
-0.00179181 0.000350631 -0.00295195 0.0066924
5568
-0.523574 2.42634 -0.688944 2.42634
0.00206168 0.000414277 -0.00119974 0.00157573
0.000414277 0.00125814 0.000475785 -0.00189379
-0.00119974 0.000475785 0.00114913 -0.00226645
0.00157573 -0.00189379 -0.00226645 0.00557637
1926
32124
<<<
2
0.862667 1.21487 -0.48256 1.21487
0.00115339 -0.000847569 0.00150552 -0.00382342
-0.000847569 0.00285822 -0.000529142 0.00143162
0.00150552 -0.000529142 0.0021804 -0.00525367
-0.00382342 0.00143162 -0.00525367 0.0139026
5777
-0.520566 2.43148 -0.690261 2.43148
0.00274692 0.000166531 -0.00175233 0.00282364
0.000166531 0.000829153 0.000411623 -0.00141968
-0.00175233 0.000411623 0.00147777 -0.00283165
0.00282364 -0.00141968 -0.00283165 0.00627914
1852
32193
<<<
2
0.859797 1.21472 -0.49661 1.21472
0.000973383 -0.000461065 0.00136003 -0.00341666
-0.000461065 0.00216783 -0.000265317 0.000874384
0.00136003 -0.000265317 0.00202719 -0.00482051
-0.00341666 0.000874384 -0.00482051 0.0127103
5912
-0.502013 2.4423 -0.692107 2.4423
0.00468378 -0.000178237 -0.00270991 0.00479056
-0.000178237 0.000724459 0.000561862 -0.00156088
-0.00270991 0.000561862 0.00190868 -0.00372115
0.00479056 -0.00156088 -0.00372115 0.00788407
1587
32244
<<<
2
0.852751 1.21353 -0.498152 1.21353
0.0011819 -0.000591265 0.00156873 -0.00399454
-0.000591265 0.00172513 -0.000408832 0.00125354
0.00156873 -0.000408832 0.00223086 -0.00541737
-0.00399454 0.00125354 -0.00541737 0.0144325
5937
-0.537279 2.45496 -0.691008 2.45496
0.00226109 0.000525451 -0.00139998 0.00189791
0.000525451 0.0029103 0.0011374 -0.00440954
-0.00139998 0.0011374 0.00167321 -0.00373906
0.00189791 -0.00440954 -0.00373906 0.0103059
1845
32292
<<<
2
0.760249 1.17263 -0.441066 1.17263
0.00322919 -0.00368496 0.00140382 -0.00328713
-0.00368496 0.00541708 -0.000446448 0.00139545
0.00140382 -0.000446448 0.00182439 -0.00376197
-0.00328713 0.00139545 -0.00376197 0.00906819
4226
-0.586558 2.57622 -0.7826 2.57622
0.00269223 -0.000813336 -0.00217811 0.00367425
-0.000813336 0.0106774 0.00292237 -0.00779166
-0.00217811 0.00292237 0.00230685 -0.00440279
0.00367425 -0.00779166 -0.00440279 0.00962596
2903
32312
<<<
0
32360
<<<
4
0.150822 1.62426 -0.478331 1.62426
0.00900553 0.00429832 0.00882121 -0.0254862
0.00429832 0.00469026 0.00831544 -0.0229435
0.00882121 0.00831544 0.0155041 -0.0429829
-0.0254862 -0.0229435 -0.0429829 0.119861
1228
-0.470547 2.66936 -0.878832 2.66936
0.00297316 0.000608077 -0.0015357 0.0017647
0.000608077 0.00186269 -0.00022944 4.56612e-005
-0.0015357 -0.00022944 0.000804909 -0.000914535
0.0017647 4.56612e-005 -0.000914535 0.00145494
2500
0.325171 1.22482 -0.327569 1.22482
0.00220221 -0.000616605 0.000543934 -0.000169703
-0.000616605 0.000364172 0.000283962 -0.00102343
0.000543934 0.000283962 0.00119888 -0.00266072
-0.000169703 -0.00102343 -0.00266072 0.00690981
1940
-0.311666 2.80526 -0.94589 2.80526
0.00389654 -0.0023181 -0.000977017 0.0055585
-0.0023181 0.00393032 0.000581573 -0.00422099
-0.000977017 0.000581573 0.000262535 -0.00139928
0.0055585 -0.00422099 -0.00139928 0.00849234
1549
32393
<<<
3
-0.500274 2.68186 -0.852235 2.68186
0.00755599 0.00335005 -0.003531 0.00562139
0.00335005 0.00697927 -0.000435638 -0.00019706
-0.003531 -0.000435638 0.00194295 -0.00324139
0.00562139 -0.00019706 -0.00324139 0.00586405
1867
