1
-0.0810292 0.115866 -0.989954 1.99028
7.75269e-007 -2.68201e-007 -1.00882e-007 1.36062e-007
-2.68201e-007 2.09419e-007 4.56129e-008 -8.6608e-008
-1.00882e-007 4.56129e-008 1.58269e-008 -1.50494e-008
1.36062e-007 -8.6608e-008 -1.50494e-008 9.21025e-008
8143
62148
<<<
1
-0.0725057 0.114307 -0.990796 1.99349
8.31265e-007 -2.87414e-007 -8.95464e-008 2.07221e-007
-2.87414e-007 1.94224e-007 4.02154e-008 -1.07321e-007
-8.95464e-008 4.02154e-008 1.34586e-008 -1.53756e-008
2.07221e-007 -1.07321e-007 -1.53756e-008 1.30287e-007
8531
62220
<<<
1
-0.0805773 0.116469 -0.98992 1.9894
7.72456e-007 -2.70177e-007 -1.00123e-007 1.41042e-007
-2.70177e-007 2.1565e-007 4.58988e-008 -9.14151e-008
-1.00123e-007 4.58988e-008 1.56439e-008 -1.60226e-008
1.41042e-007 -9.14151e-008 -1.60226e-008 9.53067e-008
8166
62240
<<<
1
-0.0880262 0.119107 -0.988972 1.98623
7.32733e-007 -2.50749e-007 -1.01826e-007 1.07329e-007
-2.50749e-007 2.14212e-007 4.59055e-008 -8.06407e-008
-1.01826e-007 4.59055e-008 1.65781e-008 -1.37312e-008
1.07329e-007 -8.06407e-008 -1.37312e-008 8.49452e-008
7796
62319
<<<
1
-0.0789083 0.11538 -0.990182 1.98971
7.98081e-007 -2.77449e-007 -9.99293e-008 1.59993e-007
-2.77449e-007 2.21508e-007 4.57493e-008 -9.89763e-008
-9.99293e-008 4.57493e-008 1.54497e-008 -1.68154e-008
1.59993e-007 -9.89763e-008 -1.68154e-008 1.06174e-007
8294
62359
<<<
1
-0.0999918 0.124057 -0.987224 1.98111
6.51319e-007 -2.22158e-007 -1.03521e-007 3.83598e-008
-2.22158e-007 1.86037e-007 4.7403e-008 -5.86393e-008
-1.03521e-007 4.7403e-008 1.91772e-008 -8.57372e-009
3.83598e-008 -5.86393e-008 -8.57372e-009 6.76008e-008
7115
62389
<<<
1
-0.0722533 0.114821 -0.990755 1.99139
8.59014e-007 -2.84808e-007 -9.29502e-008 2.05297e-007
-2.84808e-007 2.05535e-007 4.21399e-008 -1.09048e-007
-9.29502e-008 4.21399e-008 1.39568e-008 -1.70037e-008
2.05297e-007 -1.09048e-007 -1.70037e-008 1.34806e-007
8442
62459
<<<
1
-0.0746369 0.11498 -0.99056 1.99083
8.70908e-007 -2.89438e-007 -9.75737e-008 2.05753e-007
-2.89438e-007 2.15332e-007 4.39195e-008 -1.10502e-007
-9.75737e-008 4.39195e-008 1.48635e-008 -1.68882e-008
2.05753e-007 -1.10502e-007 -1.68882e-008 1.33509e-007
8445
62479
<<<
1
-0.0925135 0.121571 -0.988262 1.98219
7.39534e-007 -2.46626e-007 -1.08362e-007 9.15619e-008
-2.46626e-007 2.15273e-007 5.0191e-008 -8.19634e-008
-1.08362e-007 5.0191e-008 1.9101e-008 -1.55318e-008
9.15619e-008 -8.19634e-008 -1.55318e-008 8.70014e-008
7604
62518
<<<
2
-0.114305 0.131426 -0.984714 1.97485
6.31415e-007 -1.791e-007 -1.05822e-007 1.72351e-009
-1.791e-007 2.04946e-007 4.91837e-008 -5.27235e-008
-1.05822e-007 4.91837e-008 2.1227e-008 -6.35062e-009
1.72351e-009 -5.27235e-008 -6.35062e-009 6.63284e-008
6192
0.0317511 0.0719331 -0.996904 2.03234
8.23635e-007 -8.64996e-008 3.67168e-008 5.41032e-007
-8.64996e-008 5.25331e-007 8.23028e-009 -2.39577e-007
3.67168e-008 8.23028e-009 3.90983e-009 1.96102e-008
5.41032e-007 -2.39577e-007 1.96102e-008 4.79139e-007
2177
62558
<<<
1
-0.107944 0.128642 -0.985799 1.97648
6.80859e-007 -1.98408e-007 -1.10851e-007 2.40476e-008
-1.98408e-007 2.13725e-007 5.03156e-008 -6.10623e-008
-1.10851e-007 5.03156e-008 2.13773e-008 -8.88456e-009
2.40476e-008 -6.10623e-008 -8.88456e-009 6.59127e-008
6728
62589
<<<
2
-0.103287 0.126358 -0.986593 1.97732
6.79491e-007 -2.1208e-007 -1.07108e-007 3.97239e-008
-2.1208e-007 2.1654e-007 4.84435e-008 -5.70856e-008
-1.07108e-007 4.84435e-008 1.96879e-008 -8.83744e-009
3.97239e-008 -5.70856e-008 -8.83744e-009 6.38014e-008
6955
0.0542194 0.0709218 -0.996007 2.04453
1.02069e-006 -1.40764e-007 6.69012e-008 6.9445e-007
-1.40764e-007 5.37057e-007 7.29981e-009 -2.7429e-007
6.69012e-008 7.29981e-009 8.01447e-009 3.62478e-008
6.9445e-007 -2.7429e-007 3.62478e-008 6.19868e-007
1382
62619
<<<
1
-0.101322 0.125452 -0.986912 1.97857
6.9447e-007 -2.1933e-007 -1.0805e-007 5.5814e-008
-2.1933e-007 2.11431e-007 4.74956e-008 -6.37318e-008
-1.0805e-007 4.74956e-008 1.93998e-008 -1.05011e-008
5.5814e-008 -6.37318e-008 -1.05011e-008 6.98076e-008
7110
62658
<<<
1
-0.0872301 0.120239 -0.988905 1.98322
7.58272e-007 -2.5973e-007 -1.0526e-007 1.2057e-007
-2.5973e-007 2.10728e-007 4.80719e-008 -8.8489e-008
-1.0526e-007 4.80719e-008 1.75347e-008 -1.59198e-008
1.2057e-007 -8.8489e-008 -1.59198e-008 9.40797e-008
7946
62689
<<<
1
-0.0792854 0.116276 -0.990047 1.98642
8.06702e-007 -2.7436e-007 -1.00448e-007 1.58806e-007
-2.7436e-007 2.21057e-007 4.52425e-008 -1.03399e-007
-1.00448e-007 4.52425e-008 1.56106e-008 -1.66518e-008
1.58806e-007 -1.03399e-007 -1.66518e-008 1.11036e-007
8312
62719
<<<
1
-0.0746276 0.115525 -0.990497 1.98827
8.6211e-007 -2.82332e-007 -9.55911e-008 2.06674e-007
-2.82332e-007 2.06678e-007 4.22759e-008 -1.03037e-007
-9.55911e-008 4.22759e-008 1.43189e-008 -1.65376e-008
2.06674e-007 -1.03037e-007 -1.65376e-008 1.30785e-007
8425
62759
<<<
2
-0.103024 0.125412 -0.986741 1.97673
6.77952e-007 -2.08385e-007 -1.05704e-007 4.24628e-008
-2.08385e-007 2.03428e-007 4.68616e-008 -5.97148e-008
-1.05704e-007 4.68616e-008 1.92295e-008 -8.67481e-009
4.24628e-008 -5.97148e-008 -8.67481e-009 6.52982e-008
7076
0.0532352 0.067974 -0.996266 2.04462
1.32616e-006 -1.1519e-007 7.35181e-008 9.3007e-007
-1.1519e-007 8.54821e-007 -2.72341e-009 -3.34135e-007
7.35181e-008 -2.72341e-009 1.04174e-008 4.36903e-008
9.3007e-007 -3.34135e-007 4.36903e-008 8.33206e-007
1325
62788
<<<
1
-0.0855356 0.118291 -0.989288 1.98316
7.58714e-007 -2.66663e-007 -1.03769e-007 1.26875e-007
-2.66663e-007 2.1767e-007 4.72103e-008 -9.20914e-008
-1.03769e-007 4.72103e-008 1.6797e-008 -1.56416e-008
1.26875e-007 -9.20914e-008 -1.56416e-008 9.33983e-008
8068
62828
<<<
2
-0.0214064 0.0978629 -0.99497 1.99703
6.05487e-007 -2.46716e-007 -1.7961e-008 3.40698e-007
-2.46716e-007 3.05057e-007 2.53228e-008 -2.07576e-007
-1.7961e-008 2.53228e-008 4.56835e-009 -1.38294e-008
3.40698e-007 -2.07576e-007 -1.38294e-008 2.56638e-007
5499
-0.171647 0.144798 -0.974459 1.97235
6.04488e-007 -1.48345e-007 -1.27113e-007 -1.31942e-007
-1.48345e-007 3.96392e-007 7.22878e-008 -5.78246e-008
-1.27113e-007 7.22878e-008 3.36683e-008 1.1552e-008
-1.31942e-007 -5.78246e-008 1.1552e-008 1.63965e-007
2982
62860
<<<
1
-0.0735027 0.115587 -0.990574 1.98699
8.58402e-007 -2.95472e-007 -9.51781e-008 2.13493e-007
-2.95472e-007 2.2302e-007 4.43955e-008 -1.15022e-007
-9.51781e-008 4.43955e-008 1.44354e-008 -1.76897e-008
2.13493e-007 -1.15022e-007 -1.76897e-008 1.34552e-007
8378
62888
<<<
1
-0.0752214 0.115558 -0.990448 1.98615
8.5723e-007 -2.93334e-007 -9.74454e-008 2.00813e-007
-2.93334e-007 2.16751e-007 4.51191e-008 -1.08982e-007
-9.74454e-008 4.51191e-008 1.48435e-008 -1.78774e-008
2.00813e-007 -1.08982e-007 -1.78774e-008 1.27519e-007
8468
62928
<<<
2
-0.0947444 0.123868 -0.987765 1.97662
7.19136e-007 -2.25911e-007 -1.05965e-007 6.80175e-008
-2.25911e-007 2.14432e-007 4.78103e-008 -6.82289e-008
-1.05965e-007 4.78103e-008 1.85604e-008 -1.15964e-008
6.80175e-008 -6.82289e-008 -1.15964e-008 7.82807e-008
7379
0.0610703 0.0638394 -0.99609 2.04603
1.50549e-006 -3.18698e-007 1.11289e-007 1.1157e-006
-3.18698e-007 1.33684e-006 1.23751e-008 -6.97117e-007
1.11289e-007 1.23751e-008 1.69639e-008 5.18374e-008
1.1157e-006 -6.97117e-007 5.18374e-008 1.15692e-006
1039
62959
<<<
2
-0.0351324 0.103887 -0.993968 1.98987
6.44612e-007 -2.37468e-007 -3.56405e-008 2.97816e-007
-2.37468e-007 2.59064e-007 2.90101e-008 -1.58571e-007
-3.56405e-008 2.90101e-008 5.31229e-009 -1.67012e-008
2.97816e-007 -1.58571e-007 -1.67012e-008 2.00876e-007
6256
-0.182979 0.154595 -0.970886 1.97371
6.31212e-007 -1.30282e-007 -1.24107e-007 -2.30102e-007
-1.30282e-007 3.6705e-007 7.30297e-008 -1.22275e-007
-1.24107e-007 7.30297e-008 3.34293e-008 1.73787e-008
-2.30102e-007 -1.22275e-007 1.73787e-008 2.49531e-007
2131
62990
<<<
1
-0.0773914 0.118912 -0.989884 1.98286
7.82473e-007 -2.74644e-007 -9.59647e-008 1.55318e-007
-2.74644e-007 1.95423e-007 4.35683e-008 -8.99774e-008
-9.59647e-008 4.35683e-008 1.48696e-008 -1.48404e-008
1.55318e-007 -8.99774e-008 -1.48404e-008 1.0256e-007
8371
63030
<<<
2
-0.0536091 0.111056 -0.992367 1.98578
7.85616e-007 -2.65158e-007 -6.92888e-008 2.33727e-007
-2.65158e-007 2.40058e-007 3.80378e-008 -1.20835e-007
-6.92888e-008 3.80378e-008 1.00581e-008 -1.6695e-008
2.33727e-007 -1.20835e-007 -1.6695e-008 1.47788e-007
7219
-0.184928 0.161477 -0.969395 1.96933
1.7439e-006 -1.07684e-007 -2.97232e-007 -8.52852e-007
-1.07684e-007 7.1912e-007 1.19264e-007 -2.69141e-007
-2.97232e-007 1.19264e-007 6.91641e-008 9.60638e-008
-8.52852e-007 -2.69141e-007 9.60638e-008 7.07667e-007
1071
63058
<<<
1
-0.0726457 0.119505 -0.990172 1.98274
8.0708e-007 -2.8037e-007 -9.13182e-008 1.77884e-007
-2.8037e-007 2.04247e-007 4.26043e-008 -9.65936e-008
-9.13182e-008 4.26043e-008 1.39698e-008 -1.42941e-008
1.77884e-007 -9.65936e-008 -1.42941e-008 1.18957e-007
8433
63088
<<<
2
-0.111166 0.134724 -0.984628 1.96904
6.18838e-007 -1.79705e-007 -1.05363e-007 -2.65365e-008
-1.79705e-007 1.73837e-007 4.47808e-008 -3.23836e-008
-1.05363e-007 4.47808e-008 2.05801e-008 1.31346e-009
-2.65365e-008 -3.23836e-008 1.31346e-009 4.92757e-008
6215
0.0324279 0.0775048 -0.996464 2.02221
7.45586e-007 -1.19479e-007 2.26441e-008 4.79196e-007
-1.19479e-007 4.72891e-007 2.55964e-008 -2.17166e-007
2.26441e-008 2.55964e-008 4.88002e-009 2.85847e-009
4.79196e-007 -2.17166e-007 2.85847e-009 4.41892e-007
2149
63129
<<<
1
-0.0715735 0.121198 -0.990045 1.98124
8.02252e-007 -2.77345e-007 -8.97156e-008 1.86494e-007
-2.77345e-007 2.0479e-007 4.20149e-008 -1.00741e-007
-8.97156e-008 4.20149e-008 1.36964e-008 -1.48752e-008
1.86494e-007 -1.00741e-007 -1.48752e-008 1.22007e-007
8408
63158
<<<
1
-0.0712608 0.123454 -0.989788 1.97948
8.44772e-007 -2.84112e-007 -9.7017e-008 1.80463e-007
-2.84112e-007 2.33681e-007 4.86826e-008 -1.11279e-007
-9.7017e-008 4.86826e-008 1.5609e-008 -1.84859e-008
1.80463e-007 -1.11279e-007 -1.84859e-008 1.32019e-007
8317
63190
<<<
1
-0.0819142 0.129636 -0.988172 1.97355
7.61215e-007 -2.49634e-007 -1.00277e-007 1.15305e-007
-2.49634e-007 1.99847e-007 4.66302e-008 -7.99051e-008
-1.00277e-007 4.66302e-008 1.65958e-008 -1.42889e-008
1.15305e-007 -7.99051e-008 -1.42889e-008 9.10924e-008
7636
63230
<<<
1
-0.085035 0.131502 -0.987662 1.97144
6.84083e-007 -2.20065e-007 -9.44455e-008 7.75109e-008
-2.20065e-007 1.76166e-007 4.24118e-008 -7.11547e-008
-9.44455e-008 4.24118e-008 1.59037e-008 -1.08464e-008
7.75109e-008 -7.11547e-008 -1.08464e-008 7.90906e-008
7530
63319
<<<
2
-0.0343149 0.113232 -0.992976 1.98136
6.34141e-007 -2.1627e-007 -3.46304e-008 2.69215e-007
-2.1627e-007 2.30293e-007 2.79531e-008 -1.44771e-007
-3.46304e-008 2.79531e-008 5.28519e-009 -1.60723e-008
2.69215e-007 -1.44771e-007 -1.60723e-008 1.82464e-007
6432
-0.177985 0.163476 -0.970359 1.96615
6.75423e-007 -1.18544e-008 -1.28408e-007 -2.92792e-007
-1.18544e-008 4.62104e-007 6.04046e-008 -2.03739e-007
-1.28408e-007 6.04046e-008 3.52957e-008 2.43425e-008
-2.92792e-007 -2.03739e-007 2.43425e-008 3.13138e-007
1953
63364
<<<
2
-0.0962303 0.132356 -0.98652 1.96706
5.97509e-007 -1.96101e-007 -9.21879e-008 -2.11044e-009
-1.96101e-007 2.25273e-007 4.23227e-008 -6.32155e-008
-9.21879e-008 4.23227e-008 1.64614e-008 -9.23173e-010
-2.11044e-009 -6.32155e-008 -9.23173e-010 6.26908e-008
6652
0.0473354 0.0744774 -0.996099 2.02462
8.3173e-007 -3.78198e-008 4.88126e-008 5.45324e-007
-3.78198e-008 7.84767e-007 2.55835e-008 -2.48731e-007
4.88126e-008 2.55835e-008 6.55734e-009 2.63106e-008
5.45324e-007 -2.48731e-007 2.63106e-008 5.13829e-007
1727
63379
<<<
1
-0.0982589 0.132484 -0.986303 1.9644
5.90073e-007 -1.89066e-007 -9.27034e-008 2.2943e-009
-1.89066e-007 1.63703e-007 4.2026e-008 -3.77634e-008
-9.27034e-008 4.2026e-008 1.69763e-008 -2.56829e-009
2.2943e-009 -3.77634e-008 -2.56829e-009 5.12617e-008
6702
63505
<<<
1
-0.0623834 0.116634 -0.991214 1.97648
7.42748e-007 -2.60389e-007 -7.30369e-008 2.00781e-007
-2.60389e-007 2.09694e-007 3.74345e-008 -1.10095e-007
-7.30369e-008 3.74345e-008 1.06688e-008 -1.54705e-008
2.00781e-007 -1.10095e-007 -1.54705e-008 1.3044e-007
8167
63558
<<<
1
-0.0700935 0.117364 -0.990612 1.9754
7.80423e-007 -2.77529e-007 -8.53311e-008 1.90297e-007
-2.77529e-007 2.09978e-007 4.13009e-008 -1.05859e-007
-8.53311e-008 4.13009e-008 1.28771e-008 -1.56858e-008
1.90297e-007 -1.05859e-007 -1.56858e-008 1.23213e-007
8493
63602
<<<
2
-0.116284 0.130441 -0.984613 1.95978
6.5893e-007 -1.70692e-007 -1.13881e-007 -1.06034e-008
-1.70692e-007 2.02618e-007 4.77206e-008 -4.0044e-008
-1.13881e-007 4.77206e-008 2.32221e-008 -3.30792e-009
-1.06034e-008 -4.0044e-008 -3.30792e-009 6.08626e-008
6009
0.0297463 0.0745545 -0.996773 2.01678
7.46221e-007 -8.3289e-008 2.44904e-008 4.97869e-007
-8.3289e-008 4.27272e-007 2.20258e-008 -1.4881e-007
2.44904e-008 2.20258e-008 4.11177e-009 1.18439e-008
4.97869e-007 -1.4881e-007 1.18439e-008 4.13283e-007
2231
63663
<<<
1
-0.045563 0.101664 -0.993775 1.97916
6.55015e-007 -2.14492e-007 -4.28473e-008 2.73097e-007
-2.14492e-007 2.37737e-007 3.01097e-008 -1.42696e-007
-4.28473e-008 3.01097e-008 6.32528e-009 -1.80357e-008
2.73097e-007 -1.42696e-007 -1.80357e-008 1.87733e-007
6697
63753
<<<
1
-0.0861342 0.107984 -0.990414 1.97338
7.79472e-007 -2.58536e-007 -9.76213e-008 1.88931e-007
-2.58536e-007 1.94795e-007 4.33296e-008 -1.01244e-007
-9.76213e-008 4.33296e-008 1.55248e-008 -1.98429e-008
1.88931e-007 -1.01244e-007 -1.98429e-008 1.20539e-007
8535
63802
<<<
1
-0.0939761 0.0986091 -0.990679 1.97725
7.92811e-007 -2.71851e-007 -9.52993e-008 2.33632e-007
-2.71851e-007 1.97469e-007 3.94851e-008 -1.17041e-007
-9.52993e-008 3.94851e-008 1.48246e-008 -2.0762e-008
2.33632e-007 -1.17041e-007 -2.0762e-008 1.43828e-007
8892
63827
<<<
1
-0.105842 0.082669 -0.990941 1.97889
7.32889e-007 -2.26453e-007 -9.54684e-008 1.96586e-007
-2.26453e-007 1.53452e-007 3.32067e-008 -8.60628e-008
-9.54684e-008 3.32067e-008 1.47129e-008 -1.92361e-008
1.96586e-007 -8.60628e-008 -1.92361e-008 1.12212e-007
8962
63898
<<<
1
-0.103048 0.0709188 -0.992145 1.98528
8.38704e-007 -2.10274e-007 -9.75712e-008 2.92478e-007
-2.10274e-007 1.56967e-007 2.72208e-008 -1.0096e-007
-9.75712e-008 2.72208e-008 1.43182e-008 -2.50919e-008
2.92478e-007 -1.0096e-007 -2.50919e-008 1.74751e-007
8377
63929
<<<
1
-0.147462 0.0794703 -0.98587 1.97162
6.35382e-007 -1.812e-007 -1.14418e-007 1.4361e-007
-1.812e-007 1.45877e-007 4.04054e-008 -7.08221e-008
-1.14418e-007 4.04054e-008 2.25956e-008 -2.40674e-008
1.4361e-007 -7.08221e-008 -2.40674e-008 8.96585e-008
7985
63959
<<<
1
-0.150891 0.0704487 -0.986037 1.97626
6.36024e-007 -2.0106e-007 -1.11789e-007 1.83699e-007
-2.0106e-007 1.45167e-007 3.90583e-008 -8.3506e-008
-1.11789e-007 3.90583e-008 2.12998e-008 -2.7472e-008
1.83699e-007 -8.3506e-008 -2.7472e-008 1.11828e-007
8432
63999
<<<
1
-0.143047 0.0594566 -0.987928 1.98558
7.83198e-007 -2.49752e-007 -1.23656e-007 2.93297e-007
-2.49752e-007 1.49491e-007 4.25698e-008 -1.18127e-007
-1.23656e-007 4.25698e-008 2.19308e-008 -3.92492e-008
2.93297e-007 -1.18127e-007 -3.92492e-008 1.73251e-007
9275
64028
<<<
1
-0.151774 0.0546189 -0.986905 1.98674
7.85348e-007 -2.3657e-007 -1.28984e-007 3.07573e-007
-2.3657e-007 1.45788e-007 4.22066e-008 -1.12702e-007
-1.28984e-007 4.22066e-008 2.34941e-008 -4.3698e-008
3.07573e-007 -1.12702e-007 -4.3698e-008 1.82965e-007
9342
64069
<<<
1
-0.179116 0.0552652 -0.982274 1.97966
6.53454e-007 -1.90109e-007 -1.31786e-007 2.24575e-007
-1.90109e-007 1.50291e-007 4.33454e-008 -8.89354e-008
-1.31786e-007 4.33454e-008 2.83141e-008 -4.09714e-008
2.24575e-007 -8.89354e-008 -4.09714e-008 1.39027e-007
8534
64099
<<<
1
-0.17067 0.0414659 -0.984455 1.99383
7.79565e-007 -2.10423e-007 -1.33831e-007 3.9561e-007
-2.10423e-007 1.35177e-007 3.83826e-008 -1.23408e-007
-1.33831e-007 3.83826e-008 2.50964e-008 -6.05808e-008
3.9561e-007 -1.23408e-007 -6.05808e-008 2.60923e-007
9096
64129
<<<
2
-0.150619 0.0249892 -0.988276 2.00839
6.68438e-007 -1.71457e-007 -9.68913e-008 4.46148e-007
-1.71457e-007 1.49727e-007 2.62914e-008 -1.22284e-007
-9.68913e-008 2.62914e-008 1.49124e-008 -6.24215e-008
4.46148e-007 -1.22284e-007 -6.24215e-008 3.29432e-007
6966
-0.290655 0.0680087 -0.954408 1.95525
5.56884e-007 -4.61107e-008 -1.58394e-007 -1.72078e-007
-4.61107e-008 2.68717e-007 3.79005e-008 -3.56058e-008
-1.58394e-007 3.79005e-008 4.80943e-008 4.19608e-008
-1.72078e-007 -3.56058e-008 4.19608e-008 1.13378e-007
2509
64168
<<<
1
-0.202538 0.0320157 -0.978751 1.99492
7.68193e-007 -2.08628e-007 -1.60542e-007 3.82853e-007
-2.08628e-007 1.34274e-007 4.58832e-008 -1.14498e-007
-1.60542e-007 4.58832e-008 3.57104e-008 -7.24527e-008
3.82853e-007 -1.14498e-007 -7.24527e-008 2.51835e-007
9468
64199
<<<
1
-0.228839 0.0304159 -0.972989 1.98931
7.09366e-007 -1.99939e-007 -1.71093e-007 3.35952e-007
-1.99939e-007 1.65078e-007 5.05391e-008 -1.10231e-007
-1.71093e-007 5.05391e-008 4.30871e-008 -7.45907e-008
3.35952e-007 -1.10231e-007 -7.45907e-008 2.24082e-007
8645
64228
<<<
1
-0.258338 0.0320023 -0.965524 1.97853
5.72496e-007 -1.43185e-007 -1.61144e-007 2.162e-007
-1.43185e-007 1.589e-007 4.42888e-008 -6.63406e-008
-1.61144e-007 4.42888e-008 4.66564e-008 -5.70357e-008
2.162e-007 -6.63406e-008 -5.70357e-008 1.37249e-007
7516
64285
<<<
2
-0.220595 0.0132214 -0.975276 2.00783
7.26419e-007 -1.79205e-007 -1.52684e-007 5.01337e-007
-1.79205e-007 1.47509e-007 3.84607e-008 -1.32825e-007
-1.52684e-007 3.84607e-008 3.40356e-008 -9.93047e-008
5.01337e-007 -1.32825e-007 -9.93047e-008 4.0443e-007
8433
-0.368969 0.0610685 -0.927433 1.95547
1.26874e-007 -3.38418e-008 -5.28129e-008 1.02207e-008
-3.38418e-008 6.71308e-007 5.8542e-008 5.98009e-008
-5.28129e-008 5.8542e-008 2.51258e-008 1.6216e-009
1.02207e-008 5.98009e-008 1.6216e-009 8.01013e-008
1019
64336
<<<
1
-0.281289 0.0137572 -0.959525 1.99724
6.89981e-007 -2.0294e-007 -2.02343e-007 4.1265e-007
-2.0294e-007 1.6066e-007 6.00467e-008 -1.30527e-007
-2.02343e-007 6.00467e-008 6.11577e-008 -1.1418e-007
4.1265e-007 -1.30527e-007 -1.1418e-007 3.08462e-007
8739
64365
<<<
1
-0.316284 -0.0074435 -0.948635 2.01708
8.04159e-007 -2.30442e-007 -2.53812e-007 6.2069e-007
-2.30442e-007 1.70091e-007 7.16169e-008 -1.80906e-007
-2.53812e-007 7.16169e-008 8.29915e-008 -1.86097e-007
6.2069e-007 -1.80906e-007 -1.86097e-007 5.48346e-007
9180
64475
<<<
1
-0.341329 -0.0141525 -0.939837 2.00998
6.8358e-007 -2.19848e-007 -2.39727e-007 4.98419e-007
-2.19848e-007 1.8056e-007 7.4336e-008 -1.61871e-007
-2.39727e-007 7.4336e-008 8.61285e-008 -1.67446e-007
4.98419e-007 -1.61871e-007 -1.67446e-007 4.25297e-007
8531
64504
<<<
1
-0.351333 -0.0208695 -0.936018 2.0157
7.22507e-007 -2.20431e-007 -2.58217e-007 5.59379e-007
-2.20431e-007 1.78589e-007 7.52308e-008 -1.6814e-007
-2.58217e-007 7.52308e-008 9.47646e-008 -1.91935e-007
5.59379e-007 -1.6814e-007 -1.91935e-007 5.05217e-007
8562
64530
<<<
1
-0.382212 -0.0215305 -0.923824 2.00807
6.1171e-007 -1.68839e-007 -2.46575e-007 4.54994e-007
-1.68839e-007 1.73485e-007 6.48618e-008 -1.22384e-007
-2.46575e-007 6.48618e-008 1.01183e-007 -1.76815e-007
4.54994e-007 -1.22384e-007 -1.76815e-007 4.06003e-007
7777
64570
<<<
1
-0.403621 -0.0275166 -0.914512 2.01082
6.12183e-007 -1.65895e-007 -2.60269e-007 4.92799e-007
-1.65895e-007 2.0496e-007 6.76468e-008 -1.12547e-007
-2.60269e-007 6.76468e-008 1.12791e-007 -2.01853e-007
4.92799e-007 -1.12547e-007 -2.01853e-007 4.69533e-007
7579
64599
<<<
1
-0.41604 -0.0364197 -0.908617 2.02014
7.40505e-007 -2.21688e-007 -3.1442e-007 6.71759e-007
-2.21688e-007 2.02028e-007 8.84409e-008 -1.9366e-007
-3.1442e-007 8.84409e-008 1.36963e-007 -2.7474e-007
6.71759e-007 -1.9366e-007 -2.7474e-007 6.9082e-007
7710
64628
<<<
1
-0.431158 -0.0449675 -0.901155 2.02531
8.05098e-007 -2.4446e-007 -3.41738e-007 7.95453e-007
-2.4446e-007 2.26897e-007 9.57766e-008 -2.264e-007
-3.41738e-007 9.57766e-008 1.50019e-007 -3.26578e-007
7.95453e-007 -2.264e-007 -3.26578e-007 8.68537e-007
7188
64669
<<<
1
-0.459 -0.0440301 -0.887345 2.01835
6.71172e-007 -1.97096e-007 -3.22018e-007 6.41126e-007
-1.97096e-007 2.47722e-007 9.00821e-008 -1.54485e-007
-3.22018e-007 9.00821e-008 1.57675e-007 -2.97806e-007
6.41126e-007 -1.54485e-007 -2.97806e-007 6.95378e-007
7028
64700
<<<
2
-0.480684 -0.0476047 -0.875601 2.01593
6.39395e-007 -2.00799e-007 -3.28099e-007 6.13615e-007
-2.00799e-007 2.51221e-007 9.60241e-008 -1.63921e-007
-3.28099e-007 9.60241e-008 1.71392e-007 -3.06606e-007
6.13615e-007 -1.63921e-007 -3.06606e-007 6.7965e-007
6678
0.853524 -0.0783763 -0.515126 1.99806
3.22198e-006 6.53429e-007 4.7667e-006 -9.15425e-006
6.53429e-007 4.12067e-006 7.11423e-007 -1.45968e-006
4.7667e-006 7.11423e-007 7.1857e-006 -1.38918e-005
-9.15425e-006 -1.45968e-006 -1.38918e-005 2.75495e-005
1125
64738
<<<
2
0.867626 -0.0831031 -0.490223 1.92858
1.50136e-006 3.71755e-007 2.4722e-006 -5.00176e-006
3.71755e-007 3.8271e-006 1.6419e-007 -6.34984e-007
2.4722e-006 1.6419e-007 4.19209e-006 -8.47554e-006
-5.00176e-006 -6.34984e-007 -8.47554e-006 1.77744e-005
1106
-0.498378 -0.0549452 -0.865217 2.01814
6.81454e-007 -2.32731e-007 -3.60567e-007 6.87087e-007
-2.32731e-007 2.796e-007 1.12185e-007 -2.10529e-007
-3.60567e-007 1.12185e-007 1.95062e-007 -3.53589e-007
6.87087e-007 -2.10529e-007 -3.53589e-007 7.93542e-007
6412
64770
<<<
2
-0.522442 -0.057507 -0.850733 2.01102
5.69623e-007 -1.86235e-007 -3.30255e-007 5.60613e-007
-1.86235e-007 3.05115e-007 9.74808e-008 -1.33777e-007
-3.30255e-007 9.74808e-008 1.94587e-007 -3.20191e-007
5.60613e-007 -1.33777e-007 -3.20191e-007 6.47019e-007
5914
0.844889 -0.0778502 -0.529247 1.97066
2.45436e-006 4.03651e-007 3.38701e-006 -6.54212e-006
4.03651e-007 4.02433e-006 2.23096e-007 -7.9233e-007
3.38701e-006 2.23096e-007 4.78885e-006 -9.24211e-006
-6.54212e-006 -7.9233e-007 -9.24211e-006 1.84438e-005
1498
64799
<<<
1
-0.539474 -0.0582397 -0.839985 2.00737
5.43325e-007 -1.63867e-007 -3.32781e-007 5.33616e-007
-1.63867e-007 3.62145e-007 9.50961e-008 -9.26449e-008
-3.32781e-007 9.50961e-008 2.06864e-007 -3.21358e-007
5.33616e-007 -9.26449e-008 -3.21358e-007 6.28777e-007
5538
64838
<<<
2
-0.540402 -0.0661345 -0.838804 2.01987
7.10685e-007 -2.33003e-007 -4.15087e-007 7.96859e-007
-2.33003e-007 3.47093e-007 1.22789e-007 -2.15653e-007
-4.15087e-007 1.22789e-007 2.47941e-007 -4.5434e-007
7.96859e-007 -2.15653e-007 -4.5434e-007 1.00172e-006
5719
0.852759 -0.0808184 -0.516013 1.91428
1.53284e-006 6.02514e-007 2.34076e-006 -4.53085e-006
6.02514e-007 3.48459e-006 5.66859e-007 -1.41927e-006
2.34076e-006 5.66859e-007 3.72903e-006 -7.07353e-006
-4.53085e-006 -1.41927e-006 -7.07353e-006 1.39832e-005
1596
64869
<<<
2
-0.557595 -0.0640577 -0.827638 2.01567
6.16308e-007 -1.98596e-007 -3.87135e-007 6.89127e-007
-1.98596e-007 3.88194e-007 1.09187e-007 -1.67687e-007
-3.87135e-007 1.09187e-007 2.47924e-007 -4.25318e-007
6.89127e-007 -1.67687e-007 -4.25318e-007 8.83526e-007
5409
0.867177 -0.0677098 -0.493376 1.85427
8.47793e-007 -4.45676e-007 1.61171e-006 -2.77509e-006
-4.45676e-007 4.28247e-006 -1.02623e-006 1.89462e-006
1.61171e-006 -1.02623e-006 3.17645e-006 -5.30284e-006
-2.77509e-006 1.89462e-006 -5.30284e-006 9.6235e-006
1411
64898
<<<
1
-0.571496 -0.0699004 -0.817622 2.0176
6.43004e-007 -2.2268e-007 -4.13844e-007 7.50564e-007
-2.2268e-007 3.68847e-007 1.18937e-007 -2.3602e-007
-4.13844e-007 1.18937e-007 2.72757e-007 -4.74576e-007
7.50564e-007 -2.3602e-007 -4.74576e-007 9.76994e-007
5107
64938
<<<
2
-0.588837 -0.071153 -0.805114 2.01414
6.03298e-007 -1.83481e-007 -4.12986e-007 7.18273e-007
-1.83481e-007 3.63451e-007 9.94723e-008 -1.83864e-007
-4.12986e-007 9.94723e-008 2.88625e-007 -4.85818e-007
7.18273e-007 -1.83864e-007 -4.85818e-007 9.56642e-007
4753
0.836218 -0.096137 -0.539905 1.89429
1.46949e-006 5.48187e-008 2.08406e-006 -4.0149e-006
5.48187e-008 2.70524e-006 -2.77266e-007 3.28827e-007
2.08406e-006 -2.77266e-007 3.10041e-006 -5.83542e-006
-4.0149e-006 3.28827e-007 -5.83542e-006 1.15428e-005
2038
65013
<<<
2
-0.617486 -0.0713992 -0.783334 2.01049
5.46304e-007 -1.05462e-007 -4.13746e-007 6.68905e-007
-1.05462e-007 3.32144e-007 5.84481e-008 -9.62093e-008
-4.13746e-007 5.84481e-008 3.17836e-007 -5.02571e-007
6.68905e-007 -9.62093e-008 -5.02571e-007 9.26474e-007
4188
0.828919 -0.122371 -0.545819 1.86556
1.12625e-006 2.02133e-007 1.59948e-006 -3.07185e-006
2.02133e-007 1.79298e-006 -9.67576e-008 -7.16342e-008
1.59948e-006 -9.67576e-008 2.43065e-006 -4.52662e-006
-3.07185e-006 -7.16342e-008 -4.52662e-006 8.85785e-006
2114
65064
<<<
3
0.0298682 0.917648 -0.396269 1.39031
5.80495e-006 -1.52838e-006 -2.22246e-006 6.32043e-006
-1.52838e-006 1.06978e-006 1.73734e-006 -4.49908e-006
-2.22246e-006 1.73734e-006 2.94161e-006 -7.45865e-006
6.32043e-006 -4.49908e-006 -7.45865e-006 1.9239e-005
1224
0.797928 -0.14013 -0.586237 1.88805
1.11617e-006 1.90544e-007 1.3259e-006 -2.76475e-006
1.90544e-007 1.57907e-006 -6.70211e-008 -8.02545e-008
1.3259e-006 -6.70211e-008 1.67379e-006 -3.39792e-006
-2.76475e-006 -8.02545e-008 -3.39792e-006 7.19415e-006
2423
-0.648402 -0.0784147 -0.757249 2.01772
5.48791e-007 -1.04137e-007 -4.35253e-007 7.92027e-007
-1.04137e-007 4.63915e-007 5.36898e-008 -9.06605e-008
-4.35253e-007 5.36898e-008 3.52304e-007 -6.23445e-007
7.92027e-007 -9.06605e-008 -6.23445e-007 1.24574e-006
3716
65100
<<<
3
-0.656575 -0.0801816 -0.749987 2.02033
6.36755e-007 -1.33606e-007 -5.0586e-007 9.53526e-007
-1.33606e-007 5.1726e-007 6.67676e-008 -1.40262e-007
-5.0586e-007 6.67676e-008 4.12497e-007 -7.52744e-007
9.53526e-007 -1.40262e-007 -7.52744e-007 1.54571e-006
3588
0.796661 -0.14128 -0.587683 1.87224
6.23536e-007 1.15841e-008 8.20909e-007 -1.58329e-006
1.15841e-008 1.41882e-006 -2.28068e-007 3.13029e-007
8.20909e-007 -2.28068e-007 1.14307e-006 -2.15427e-006
-1.58329e-006 3.13029e-007 -2.15427e-006 4.30389e-006
2364
0.0189462 0.918454 -0.395074 1.37496
5.21175e-006 -1.04629e-006 -1.63329e-006 4.48746e-006
-1.04629e-006 8.205e-007 1.38465e-006 -3.51203e-006
-1.63329e-006 1.38465e-006 2.41824e-006 -6.02356e-006
4.48746e-006 -3.51203e-006 -6.02356e-006 1.52492e-005
1313
65145
<<<
3
-0.0214734 0.916411 -0.399661 1.36608
4.81025e-006 6.8868e-007 8.02767e-007 -2.06425e-006
6.8868e-007 5.80623e-007 9.73821e-007 -2.31506e-006
8.02767e-007 9.73821e-007 1.70085e-006 -3.99045e-006
-2.06425e-006 -2.31506e-006 -3.99045e-006 9.5089e-006
1448
-0.665677 -0.0560408 -0.744133 2.02356
6.83e-007 2.68999e-007 -5.44891e-007 1.03088e-006
2.68999e-007 1.68459e-006 -1.1807e-007 6.14902e-007
-5.44891e-007 -1.1807e-007 4.53516e-007 -8.09455e-007
1.03088e-006 6.14902e-007 -8.09455e-007 1.70282e-006
2886
0.786987 -0.146064 -0.599431 1.88189
7.35817e-007 -5.07967e-008 9.16327e-007 -1.83159e-006
-5.07967e-008 1.55928e-006 -3.32392e-007 4.78595e-007
9.16327e-007 -3.32392e-007 1.21699e-006 -2.37474e-006
-1.83159e-006 4.78595e-007 -2.37474e-006 4.94171e-006
2531
65202
<<<
3
-0.0193024 0.913186 -0.407086 1.36548
4.2708e-006 3.77554e-007 3.62499e-007 -9.24232e-007
3.77554e-007 5.72601e-007 9.61714e-007 -2.3074e-006
3.62499e-007 9.61714e-007 1.66661e-006 -3.95163e-006
-9.24232e-007 -2.3074e-006 -3.95163e-006 9.52221e-006
1622
-0.672713 -0.087635 -0.734695 2.02332
5.34018e-007 -7.31455e-008 -4.51953e-007 8.33295e-007
-7.31455e-008 6.12809e-007 1.50165e-008 -4.47868e-008
-4.51953e-007 1.50165e-008 3.92025e-007 -7.02911e-007
8.33295e-007 -4.47868e-008 -7.02911e-007 1.41586e-006
3275
0.779016 -0.153846 -0.607837 1.88889
8.65043e-007 1.86888e-008 9.90665e-007 -2.03747e-006
1.86888e-008 1.38152e-006 -2.56566e-007 3.04894e-007
9.90665e-007 -2.56566e-007 1.22432e-006 -2.43592e-006
-2.03747e-006 3.04894e-007 -2.43592e-006 5.11092e-006
2567
65241
<<<
3
-0.0116683 0.911567 -0.410986 1.35792
3.76375e-006 -1.17857e-007 -3.59412e-007 8.41163e-007
-1.17857e-007 4.64648e-007 7.91452e-007 -1.92986e-006
-3.59412e-007 7.91452e-007 1.38763e-006 -3.3279e-006
8.41163e-007 -1.92986e-006 -3.3279e-006 8.14492e-006
1744
-0.677071 -0.0885291 -0.730573 2.02702
5.12388e-007 1.29773e-009 -4.43621e-007 8.07849e-007
1.29773e-009 8.17296e-007 -3.87308e-008 1.10356e-007
-4.43621e-007 -3.87308e-008 3.92259e-007 -6.97743e-007
8.07849e-007 1.10356e-007 -6.97743e-007 1.39002e-006
3150
0.774382 -0.151873 -0.614221 1.8944
8.25667e-007 -1.05308e-007 9.54666e-007 -1.97996e-006
-1.05308e-007 1.65258e-006 -3.9796e-007 5.80921e-007
9.54666e-007 -3.9796e-007 1.18064e-006 -2.3778e-006
-1.97996e-006 5.80921e-007 -2.3778e-006 5.09213e-006
2623
65271
<<<
3
0.773534 -0.162858 -0.612473 1.88617
5.86643e-007 -1.14275e-008 6.92677e-007 -1.41465e-006
-1.14275e-008 1.42688e-006 -2.97537e-007 3.66421e-007
6.92677e-007 -2.97537e-007 8.94123e-007 -1.75738e-006
-1.41465e-006 3.66421e-007 -1.75738e-006 3.71463e-006
2495
0.0426854 0.899793 -0.434224 1.39294
4.83785e-006 -2.30502e-006 -2.98327e-006 8.24119e-006
-2.30502e-006 1.54833e-006 2.07384e-006 -5.55892e-006
-2.98327e-006 2.07384e-006 2.88326e-006 -7.62596e-006
8.24119e-006 -5.55892e-006 -7.62596e-006 2.03829e-005
1564
-0.681334 -0.0953423 -0.725737 2.03084
5.54828e-007 -4.04668e-008 -4.76888e-007 9.05514e-007
-4.04668e-008 7.84403e-007 -2.12852e-008 1.84735e-008
-4.76888e-007 -2.12852e-008 4.20994e-007 -7.78234e-007
9.05514e-007 1.84735e-008 -7.78234e-007 1.60121e-006
3013
65311
<<<
3
-0.0125215 0.906152 -0.422768 1.34322
3.02571e-006 -3.46025e-007 -6.64315e-007 1.59586e-006
-3.46025e-007 3.57411e-007 5.86044e-007 -1.45314e-006
-6.64315e-007 5.86044e-007 9.93584e-007 -2.40869e-006
1.59586e-006 -1.45314e-006 -2.40869e-006 5.99783e-006
2054
-0.68577 -0.105323 -0.720158 2.03462
6.51989e-007 -1.05901e-007 -5.46753e-007 1.08276e-006
-1.05901e-007 6.45887e-007 1.78717e-008 -1.09633e-007
-5.46753e-007 1.78717e-008 4.74561e-007 -9.09273e-007
1.08276e-006 -1.09633e-007 -9.09273e-007 1.91027e-006
2837
0.768269 -0.1738 -0.616082 1.88681
6.29406e-007 3.68477e-008 7.18241e-007 -1.47971e-006
3.68477e-008 1.24196e-006 -2.39172e-007 2.36821e-007
7.18241e-007 -2.39172e-007 9.04099e-007 -1.78712e-006
-1.47971e-006 2.36821e-007 -1.78712e-006 3.79204e-006
2482
65340
<<<
3
0.104708 0.865168 -0.490429 1.49442
1.08124e-005 -7.52198e-006 -8.03823e-006 2.26054e-005
-7.52198e-006 6.18877e-006 6.81888e-006 -1.87914e-005
-8.03823e-006 6.81888e-006 7.8889e-006 -2.14789e-005
2.26054e-005 -1.87914e-005 -2.14789e-005 5.8938e-005
1101
-0.690322 -0.108719 -0.715287 2.03839
7.33958e-007 -1.09572e-007 -6.11436e-007 1.23381e-006
-1.09572e-007 7.25315e-007 6.22707e-009 -1.0253e-007
-6.11436e-007 6.22707e-009 5.30815e-007 -1.03298e-006
1.23381e-006 -1.0253e-007 -1.03298e-006 2.20199e-006
2732
-0.0958279 0.895367 -0.434897 1.36165
4.31478e-006 1.95041e-006 2.24901e-006 -6.24269e-006
1.95041e-006 1.37998e-006 1.82407e-006 -4.62015e-006
2.24901e-006 1.82407e-006 2.54589e-006 -6.28519e-006
-6.24269e-006 -4.62015e-006 -6.28519e-006 1.58156e-005
1341
65371
<<<
3
-0.0194538 0.898007 -0.43955 1.34227
2.52838e-006 -2.86561e-007 -5.65893e-007 1.27131e-006
-2.86561e-007 3.47424e-007 5.49652e-007 -1.36074e-006
-5.65893e-007 5.49652e-007 8.99195e-007 -2.17464e-006
1.27131e-006 -1.36074e-006 -2.17464e-006 5.40227e-006
2401
0.739397 -0.189823 -0.645956 1.91952
1.11303e-006 -2.40487e-007 1.08929e-006 -2.31934e-006
-2.40487e-007 1.79968e-006 -6.261e-007 9.10234e-007
1.08929e-006 -6.261e-007 1.17971e-006 -2.39594e-006
-2.31934e-006 9.10234e-007 -2.39594e-006 5.23513e-006
2653
-0.703499 -0.102857 -0.703214 2.03938
6.62793e-007 -1.68053e-008 -5.88466e-007 1.13654e-006
-1.68053e-008 9.08383e-007 -6.6915e-008 6.00903e-008
-5.88466e-007 -6.6915e-008 5.40041e-007 -1.01334e-006
1.13654e-006 6.00903e-008 -1.01334e-006 2.11648e-006
2538
65441
<<<
3
-0.722706 -0.118599 -0.680904 2.03305
6.49275e-007 -1.50302e-007 -5.98657e-007 1.18128e-006
-1.50302e-007 9.33478e-007 4.76616e-009 -1.50712e-007
-5.98657e-007 4.76616e-009 5.82077e-007 -1.10184e-006
1.18128e-006 -1.50712e-007 -1.10184e-006 2.34126e-006
2244
0.72991 -0.188111 -0.65715 1.91134
7.13244e-007 -4.74125e-007 7.85183e-007 -1.54794e-006
-4.74125e-007 1.96865e-006 -8.09608e-007 1.32789e-006
7.85183e-007 -8.09608e-007 9.3932e-007 -1.77965e-006
-1.54794e-006 1.32789e-006 -1.77965e-006 3.75299e-006
2820
-0.0402881 0.89612 -0.441979 1.32476
2.23854e-006 2.5198e-007 1.27849e-007 -6.74986e-007
2.5198e-007 2.91378e-007 4.22335e-007 -1.07337e-006
1.27849e-007 4.22335e-007 6.54314e-007 -1.59623e-006
-6.74986e-007 -1.07337e-006 -1.59623e-006 4.04031e-006
2545
65470
<<<
3
-0.723434 -0.121055 -0.679697 2.03525
7.58421e-007 -1.64444e-007 -6.91003e-007 1.38267e-006
-1.64444e-007 8.88205e-007 1.03449e-008 -1.77996e-007
-6.91003e-007 1.03449e-008 6.65601e-007 -1.27711e-006
1.38267e-006 -1.77996e-007 -1.27711e-006 2.71359e-006
2219
0.731055 -0.198314 -0.652864 1.90306
5.57296e-007 -2.80073e-007 6.32025e-007 -1.23482e-006
-2.80073e-007 1.46581e-006 -6.04358e-007 9.19912e-007
6.32025e-007 -6.04358e-007 7.94841e-007 -1.48481e-006
-1.23482e-006 9.19912e-007 -1.48481e-006 3.08866e-006
2763
0.0588275 0.87364 -0.483003 1.41204
4.86491e-006 -3.30261e-006 -3.7537e-006 1.01743e-005
-3.30261e-006 2.75258e-006 3.20511e-006 -8.54196e-006
-3.7537e-006 3.20511e-006 3.86622e-006 -1.02136e-005
1.01743e-005 -8.54196e-006 -1.02136e-005 2.71741e-005
1723
65511
<<<
3
-0.02418 0.894344 -0.446727 1.32521
2.16244e-006 -2.86924e-007 -5.62482e-007 1.19557e-006
-2.86924e-007 2.8151e-007 4.41664e-007 -1.07667e-006
-5.62482e-007 4.41664e-007 7.18916e-007 -1.70569e-006
1.19557e-006 -1.07667e-006 -1.70569e-006 4.18049e-006
2651
0.729296 -0.212721 -0.65029 1.89459
4.14392e-007 -9.70811e-008 4.69376e-007 -9.11859e-007
-9.70811e-008 9.94455e-007 -3.68692e-007 5.11725e-007
4.69376e-007 -3.68692e-007 6.09698e-007 -1.12544e-006
-9.11859e-007 5.11725e-007 -1.12544e-006 2.32489e-006
2683
-0.726351 -0.112562 -0.678045 2.03839
7.519e-007 -6.06914e-008 -7.02756e-007 1.40573e-006
-6.06914e-008 1.22589e-006 -8.15294e-008 9.05032e-009
-7.02756e-007 -8.15294e-008 6.86448e-007 -1.32111e-006
1.40573e-006 9.05032e-009 -1.32111e-006 2.81563e-006
2215
65570
<<<
3
-0.0361113 0.894349 -0.445911 1.32239
2.13762e-006 1.12357e-007 -4.96831e-008 -2.30276e-007
1.12357e-007 2.75552e-007 4.11375e-007 -1.03684e-006
-4.96831e-008 4.11375e-007 6.50467e-007 -1.57449e-006
-2.30276e-007 -1.03684e-006 -1.57449e-006 3.96257e-006
2654
-0.737579 -0.107466 -0.666655 2.03102
6.44428e-007 1.4761e-008 -6.39518e-007 1.24132e-006
1.4761e-008 1.46901e-006 -1.38164e-007 1.69896e-007
-6.39518e-007 -1.38164e-007 6.58125e-007 -1.23993e-006
1.24132e-006 1.69896e-007 -1.23993e-006 2.5651e-006
2116
0.719208 -0.218981 -0.659384 1.89856
5.30015e-007 -8.25557e-008 5.55361e-007 -1.14685e-006
-8.25557e-008 7.34058e-007 -2.89771e-007 4.04546e-007
5.55361e-007 -2.89771e-007 6.49846e-007 -1.27565e-006
-1.14685e-006 4.04546e-007 -1.27565e-006 2.75064e-006
2724
65608
<<<
3
0.715598 -0.215158 -0.66455 1.90269
4.40775e-007 -1.96064e-007 4.94462e-007 -9.63654e-007
-1.96064e-007 1.12366e-006 -4.73505e-007 7.05092e-007
4.94462e-007 -4.73505e-007 6.25888e-007 -1.15642e-006
-9.63654e-007 7.05092e-007 -1.15642e-006 2.3997e-006
2850
-0.0427909 0.894153 -0.445712 1.31855
2.12378e-006 2.77635e-007 1.5262e-007 -8.21754e-007
2.77635e-007 2.58967e-007 3.61219e-007 -9.42685e-007
1.5262e-007 3.61219e-007 5.47779e-007 -1.3499e-006
-8.21754e-007 -9.42685e-007 -1.3499e-006 3.49809e-006
2621
-0.739846 -0.109051 -0.663879 2.03185
6.77072e-007 -1.08709e-008 -6.79841e-007 1.30869e-006
-1.08709e-008 1.20628e-006 -1.20828e-007 9.73979e-008
-6.79841e-007 -1.20828e-007 7.09106e-007 -1.32074e-006
1.30869e-006 9.73979e-008 -1.32074e-006 2.72227e-006
2074
65641
<<<
3
0.710806 -0.220442 -0.667952 1.90375
5.55759e-007 -2.0925e-007 5.96487e-007 -1.17121e-006
-2.0925e-007 1.18772e-006 -5.04676e-007 7.27568e-007
5.96487e-007 -5.04676e-007 7.21877e-007 -1.33184e-006
-1.17121e-006 7.27568e-007 -1.33184e-006 2.78069e-006
2896
-0.742615 -0.10893 -0.660801 2.03719
4.81182e-007 2.88741e-008 -4.99428e-007 9.75585e-007
2.88741e-008 1.1755e-006 -1.6627e-007 1.82438e-007
-4.99428e-007 -1.6627e-007 5.44049e-007 -1.02431e-006
9.75585e-007 1.82438e-007 -1.02431e-006 2.1256e-006
1971
-0.0226587 0.890428 -0.454559 1.32637
2.01319e-006 -2.45018e-007 -4.72795e-007 9.82398e-007
-2.45018e-007 2.72983e-007 4.20183e-007 -1.02483e-006
-4.72795e-007 4.20183e-007 6.69226e-007 -1.58726e-006
9.82398e-007 -1.02483e-006 -1.58726e-006 3.89863e-006
2790
65675
<<<
2
0.705878 -0.22616 -0.671259 1.90633
6.11419e-007 -1.8639e-007 6.33752e-007 -1.28044e-006
-1.8639e-007 9.45255e-007 -4.30979e-007 6.32391e-007
6.33752e-007 -4.30979e-007 7.31939e-007 -1.38892e-006
-1.28044e-006 6.32391e-007 -1.38892e-006 2.93404e-006
2872
-0.0210146 0.889261 -0.456918 1.32183
1.91974e-006 -2.88655e-007 -5.16977e-007 1.11961e-006
-2.88655e-007 2.46716e-007 3.79777e-007 -9.1762e-007
-5.16977e-007 3.79777e-007 6.05674e-007 -1.42045e-006
1.11961e-006 -9.1762e-007 -1.42045e-006 3.46516e-006
2840
65720
<<<
3
0.704154 -0.232037 -0.671064 1.90349
5.78079e-007 -1.23257e-007 5.89677e-007 -1.18683e-006
-1.23257e-007 8.0148e-007 -3.49669e-007 4.98728e-007
5.89677e-007 -3.49669e-007 6.76656e-007 -1.27875e-006
-1.18683e-006 4.98728e-007 -1.27875e-006 2.69274e-006
2831
-0.0148562 0.887027 -0.461478 1.3275
2.03721e-006 -5.12449e-007 -7.95641e-007 1.85573e-006
-5.12449e-007 3.70346e-007 5.40649e-007 -1.31796e-006
-7.95641e-007 5.40649e-007 8.15526e-007 -1.94399e-006
1.85573e-006 -1.31796e-006 -1.94399e-006 4.76617e-006
2895
-0.749092 -0.112262 -0.652885 2.03908
5.84664e-007 9.51757e-009 -6.06689e-007 1.21532e-006
9.51757e-009 1.44289e-006 -1.78117e-007 1.29188e-007
-6.06689e-007 -1.78117e-007 6.62677e-007 -1.27162e-006
1.21532e-006 1.29188e-007 -1.27162e-006 2.7027e-006
1882
65742
<<<
3
-0.0217032 0.88626 -0.46268 1.31762
1.78669e-006 -2.99785e-007 -5.25131e-007 1.12306e-006
-2.99785e-007 2.70638e-007 4.09551e-007 -9.88868e-007
-5.25131e-007 4.09551e-007 6.39609e-007 -1.5049e-006
1.12306e-006 -9.88868e-007 -1.5049e-006 3.66556e-006
3003
-0.754577 -0.114836 -0.646085 2.04318
8.32741e-007 -2.99404e-008 -8.45802e-007 1.72568e-006
-2.99404e-008 1.37468e-006 -1.76073e-007 4.51869e-008
-8.45802e-007 -1.76073e-007 9.09288e-007 -1.76611e-006
1.72568e-006 4.51869e-008 -1.76611e-006 3.78229e-006
1781
0.696005 -0.241084 -0.676355 1.90298
4.64526e-007 -1.22352e-007 4.88689e-007 -9.17101e-007
-1.22352e-007 8.44111e-007 -3.65606e-007 5.00499e-007
4.88689e-007 -3.65606e-007 5.89761e-007 -1.03751e-006
-9.17101e-007 5.00499e-007 -1.03751e-006 2.05674e-006
2850
65823
<<<
3
-0.756853 -0.105953 -0.64494 2.0476
1.09478e-006 1.48689e-007 -1.0889e-006 2.24794e-006
1.48689e-007 2.03682e-006 -3.33978e-007 3.92759e-007
-1.0889e-006 -3.33978e-007 1.12862e-006 -2.24687e-006
2.24794e-006 3.92759e-007 -2.24687e-006 4.81951e-006
1783
0.689552 -0.238016 -0.684008 1.90707
4.68343e-007 -1.71319e-007 4.93865e-007 -9.18528e-007
-1.71319e-007 9.5701e-007 -4.2653e-007 5.64643e-007
4.93865e-007 -4.2653e-007 5.95036e-007 -1.02993e-006
-9.18528e-007 5.64643e-007 -1.02993e-006 2.04646e-006
2954
-0.0385007 0.887268 -0.459645 1.31395
1.80222e-006 1.61425e-007 3.70006e-008 -4.7968e-007
1.61425e-007 2.38362e-007 3.33492e-007 -8.73257e-007
3.70006e-008 3.33492e-007 5.00212e-007 -1.23838e-006
-4.7968e-007 -8.73257e-007 -1.23838e-006 3.24389e-006
2920
65878
<<<
3
-0.0185958 0.884899 -0.465411 1.31942
1.77532e-006 -3.41958e-007 -5.67724e-007 1.23076e-006
-3.41958e-007 2.58785e-007 3.88687e-007 -9.26506e-007
-5.67724e-007 3.88687e-007 6.03782e-007 -1.39996e-006
1.23076e-006 -9.26506e-007 -1.39996e-006 3.37225e-006
2999
0.68652 -0.247956 -0.683526 1.90376
4.38593e-007 -9.10916e-008 4.51086e-007 -8.48225e-007
-9.10916e-008 7.7905e-007 -3.25275e-007 4.27675e-007
4.51086e-007 -3.25275e-007 5.40508e-007 -9.5276e-007
-8.48225e-007 4.27675e-007 -9.5276e-007 1.92393e-006
2895
-0.762579 -0.110046 -0.637466 2.0404
8.49886e-007 -1.09498e-008 -8.94336e-007 1.78883e-006
-1.09498e-008 1.40445e-006 -1.87862e-007 8.30053e-008
-8.94336e-007 -1.87862e-007 9.89246e-007 -1.89438e-006
1.78883e-006 8.30053e-008 -1.89438e-006 3.96798e-006
1697
65909
<<<
3
-0.0188473 0.884528 -0.466106 1.31772
1.7707e-006 -3.27217e-007 -5.47925e-007 1.16165e-006
-3.27217e-007 2.76049e-007 4.11948e-007 -9.81543e-007
-5.47925e-007 4.11948e-007 6.34215e-007 -1.47253e-006
1.16165e-006 -9.81543e-007 -1.47253e-006 3.54622e-006
3046
-0.767762 -0.111043 -0.631039 2.03673
7.90094e-007 -4.54886e-009 -8.65939e-007 1.6592e-006
-4.54886e-009 1.31489e-006 -1.96253e-007 9.28168e-008
